  6.280000E-02  0.000000E+00     1  8.986508E+00  8.851110E+01  2.334996E-01  8.983474E+00
  6.280000E-02  0.000000E+00     2  0.000000E+00 -1.800000E+02 -0.000000E+00 -0.000000E+00
  6.280000E-02  0.000000E+00     3  3.761962E+02  1.467611E-03  3.761962E+02  9.636135E-03
  6.280000E-02  0.000000E+00     4  0.000000E+00 -1.800000E+02 -0.000000E+00 -0.000000E+00
  6.280000E-02  0.000000E+00     5  5.807898E+01 -9.023687E+01 -2.401116E-01 -5.807848E+01
  6.280000E-02  0.000000E+00     6  0.000000E+00 -1.800000E+02 -0.000000E+00 -0.000000E+00
  1.256000E-01  0.000000E+00     1  3.548148E+01  8.959822E+01  2.488055E-01  3.548061E+01
  1.256000E-01  0.000000E+00     2  0.000000E+00 -1.800000E+02 -0.000000E+00 -0.000000E+00
  1.256000E-01  0.000000E+00     3  3.423885E+02  1.900051E-02  3.423885E+02  1.135434E-01
  1.256000E-01  0.000000E+00     4  0.000000E+00 -1.800000E+02 -0.000000E+00 -0.000000E+00
  1.256000E-01  0.000000E+00     5  2.477986E+02 -9.061804E+01 -2.672907E+00 -2.477842E+02
  1.256000E-01  0.000000E+00     6  0.000000E+00 -1.800000E+02 -0.000000E+00 -0.000000E+00
  1.884000E-01  0.000000E+00     1  7.809694E+01  8.974770E+01  3.439009E-01  7.809618E+01
  1.884000E-01  0.000000E+00     2  0.000000E+00 -1.800000E+02 -0.000000E+00 -0.000000E+00
  1.884000E-01  0.000000E+00     3  2.888112E+02  6.971078E-02  2.888110E+02  3.513915E-01
  1.884000E-01  0.000000E+00     4  0.000000E+00 -1.800000E+02 -0.000000E+00 -0.000000E+00
  1.884000E-01  0.000000E+00     5  6.112800E+02 -9.107561E+01 -1.147483E+01 -6.111723E+02
  1.884000E-01  0.000000E+00     6  0.000000E+00 -1.800000E+02 -0.000000E+00 -0.000000E+00
  2.512000E-01  0.000000E+00     1  1.343916E+02  8.968764E+01  7.326530E-01  1.343896E+02
  2.512000E-01  0.000000E+00     2  0.000000E+00 -1.800000E+02 -0.000000E+00 -0.000000E+00
  2.512000E-01  0.000000E+00     3  2.196779E+02  1.093898E-01  2.196775E+02  4.194115E-01
  2.512000E-01  0.000000E+00     4  0.000000E+00 -1.800000E+02 -0.000000E+00 -0.000000E+00
  2.512000E-01  0.000000E+00     5  1.204652E+03 -9.139897E+01 -2.941059E+01 -1.204293E+03
  2.512000E-01  0.000000E+00     6  0.000000E+00 -1.800000E+02 -0.000000E+00 -0.000000E+00
  3.140000E-01  0.000000E+00     1  2.006687E+02  8.941585E+01  2.045852E+00  2.006583E+02
  3.140000E-01  0.000000E+00     2  0.000000E+00 -1.800000E+02 -0.000000E+00 -0.000000E+00
  3.140000E-01  0.000000E+00     3  1.405207E+02 -1.176433E-01  1.405204E+02 -2.885257E-01
  3.140000E-01  0.000000E+00     4  0.000000E+00 -1.800000E+02 -0.000000E+00 -0.000000E+00
  3.140000E-01  0.000000E+00     5  2.077932E+03 -9.153814E+01 -5.577669E+01 -2.077184E+03
  3.140000E-01  0.000000E+00     6  0.000000E+00 -1.800000E+02 -0.000000E+00 -0.000000E+00
  3.768000E-01  0.000000E+00     1  2.715634E+02  8.879364E+01  5.717312E+00  2.715032E+02
  3.768000E-01  0.000000E+00     2  0.000000E+00 -1.800000E+02 -0.000000E+00 -0.000000E+00
  3.768000E-01  0.000000E+00     3  5.780152E+01 -2.110258E+00  5.776232E+01 -2.128404E+00
  3.768000E-01  0.000000E+00     4  0.000000E+00 -1.800000E+02 -0.000000E+00 -0.000000E+00
  3.768000E-01  0.000000E+00     5  3.247574E+03 -9.157928E+01 -8.950336E+01 -3.246340E+03
  3.768000E-01  0.000000E+00     6  0.000000E+00 -1.800000E+02 -0.000000E+00 -0.000000E+00
  4.396000E-01  0.000000E+00     1  3.394386E+02  8.761372E+01  1.413303E+01  3.391442E+02
  4.396000E-01  0.000000E+00     2  0.000000E+00 -1.800000E+02 -0.000000E+00 -0.000000E+00
  4.396000E-01  0.000000E+00     3  2.193193E+01 -1.682068E+02 -2.146899E+01 -4.482436E+00
  4.396000E-01  0.000000E+00     4  0.000000E+00 -1.800000E+02 -0.000000E+00 -0.000000E+00
  4.396000E-01  0.000000E+00     5  4.660126E+03 -9.167885E+01 -1.365288E+02 -4.658126E+03
  4.396000E-01  0.000000E+00     6  0.000000E+00 -1.800000E+02 -0.000000E+00 -0.000000E+00
  5.024000E-01  0.000000E+00     1  3.939866E+02  8.565098E+01  2.987676E+01  3.928522E+02
  5.024000E-01  0.000000E+00     2  0.000000E+00 -1.800000E+02 -0.000000E+00 -0.000000E+00
  5.024000E-01  0.000000E+00     3  8.980357E+01 -1.765852E+02 -8.964413E+01 -5.349064E+00
  5.024000E-01  0.000000E+00     4  0.000000E+00 -1.800000E+02 -0.000000E+00 -0.000000E+00
  5.024000E-01  0.000000E+00     5  6.154598E+03 -9.194302E+01 -2.086749E+02 -6.151059E+03
  5.024000E-01  0.000000E+00     6  0.000000E+00 -1.800000E+02 -0.000000E+00 -0.000000E+00
  5.652000E-01  0.000000E+00     1  4.234801E+02  8.270833E+01  5.374825E+01  4.200554E+02
  5.652000E-01  0.000000E+00     2  0.000000E+00 -1.800000E+02 -0.000000E+00 -0.000000E+00
  5.652000E-01  0.000000E+00     3  1.393210E+02 -1.794326E+02 -1.393142E+02 -1.379622E+00
  5.652000E-01  0.000000E+00     4  0.000000E+00 -1.800000E+02 -0.000000E+00 -0.000000E+00
  5.652000E-01  0.000000E+00     5  7.445462E+03 -9.227697E+01 -2.958092E+02 -7.439583E+03
  5.652000E-01  0.000000E+00     6  0.000000E+00 -1.800000E+02 -0.000000E+00 -0.000000E+00
  6.280000E-01  0.000000E+00     1  4.186851E+02  7.853213E+01  8.324229E+01  4.103266E+02
  6.280000E-01  0.000000E+00     2  0.000000E+00 -1.800000E+02 -0.000000E+00 -0.000000E+00
  6.280000E-01  0.000000E+00     3  1.643944E+02  1.759026E+02 -1.639743E+02  1.174632E+01
  6.280000E-01  0.000000E+00     4  0.000000E+00 -1.800000E+02 -0.000000E+00 -0.000000E+00
  6.280000E-01  0.000000E+00     5  8.192817E+03 -9.226648E+01 -3.240038E+02 -8.186408E+03
  6.280000E-01  0.000000E+00     6  0.000000E+00 -1.800000E+02 -0.000000E+00 -0.000000E+00
  6.908000E-01  0.000000E+00     1  3.782909E+02  7.238983E+01  1.144478E+02  3.605631E+02
  6.908000E-01  0.000000E+00     2  0.000000E+00 -1.800000E+02 -0.000000E+00 -0.000000E+00
  6.908000E-01  0.000000E+00     3  1.616304E+02  1.667059E+02 -1.572991E+02  3.716688E+01
  6.908000E-01  0.000000E+00     4  0.000000E+00 -1.800000E+02 -0.000000E+00 -0.000000E+00
  6.908000E-01  0.000000E+00     5  8.159293E+03 -9.124637E+01 -1.774773E+02 -8.157363E+03
  6.908000E-01  0.000000E+00     6  0.000000E+00 -1.800000E+02 -0.000000E+00 -0.000000E+00
  7.536000E-01  0.000000E+00     1  3.133352E+02  6.211490E+01  1.465469E+02  2.769530E+02
  7.536000E-01  0.000000E+00     2  0.000000E+00 -1.800000E+02 -0.000000E+00 -0.000000E+00
  7.536000E-01  0.000000E+00     3  1.341315E+02  1.488143E+02 -1.147487E+02  6.945510E+01
  7.536000E-01  0.000000E+00     4  0.000000E+00 -1.800000E+02 -0.000000E+00 -0.000000E+00
  7.536000E-01  0.000000E+00     5  7.344136E+03 -8.863883E+01  1.744574E+02 -7.342064E+03
  7.536000E-01  0.000000E+00     6  0.000000E+00 -1.800000E+02 -0.000000E+00 -0.000000E+00
  8.164000E-01  0.000000E+00     1  2.535731E+02  4.287979E+01  1.858140E+02  1.725470E+02
  8.164000E-01  0.000000E+00     2  0.000000E+00 -1.800000E+02 -0.000000E+00 -0.000000E+00
  8.164000E-01  0.000000E+00     3  1.038953E+02  1.174573E+02 -4.790487E+01  9.219196E+01
  8.164000E-01  0.000000E+00     4  0.000000E+00 -1.800000E+02 -0.000000E+00 -0.000000E+00
  8.164000E-01  0.000000E+00     5  5.969643E+03 -8.478890E+01  5.421956E+02 -5.944969E+03
  8.164000E-01  0.000000E+00     6  0.000000E+00 -1.800000E+02 -0.000000E+00 -0.000000E+00
  8.792000E-01  0.000000E+00     1  2.549217E+02  1.309064E+01  2.482971E+02  5.773778E+01
  8.792000E-01  0.000000E+00     2  0.000000E+00 -1.800000E+02 -0.000000E+00 -0.000000E+00
  8.792000E-01  0.000000E+00     3  1.013602E+02  8.284915E+01  1.261753E+01  1.005718E+02
  8.792000E-01  0.000000E+00     4  0.000000E+00 -1.800000E+02 -0.000000E+00 -0.000000E+00
  8.792000E-01  0.000000E+00     5  4.250936E+03 -8.317278E+01  5.053326E+02 -4.220793E+03
  8.792000E-01  0.000000E+00     6  0.000000E+00 -1.800000E+02 -0.000000E+00 -0.000000E+00
  9.420000E-01  0.000000E+00     1  3.576087E+02 -1.342661E+01  3.478346E+02 -8.303660E+01
  9.420000E-01  0.000000E+00     2  0.000000E+00 -1.800000E+02 -0.000000E+00 -0.000000E+00
  9.420000E-01  0.000000E+00     3  1.165589E+02  6.587217E+01  4.764623E+01  1.063758E+02
  9.420000E-01  0.000000E+00     4  0.000000E+00 -1.800000E+02 -0.000000E+00 -0.000000E+00
  9.420000E-01  0.000000E+00     5  2.223756E+03 -9.989081E+01 -3.819769E+02 -2.190704E+03
  9.420000E-01  0.000000E+00     6  0.000000E+00 -1.800000E+02 -0.000000E+00 -0.000000E+00
  1.004800E+00  0.000000E+00     1  5.147457E+02 -3.459108E+01  4.237514E+02 -2.922291E+02
  1.004800E+00  0.000000E+00     2  0.000000E+00 -1.800000E+02 -0.000000E+00 -0.000000E+00
  1.004800E+00  0.000000E+00     3  1.282028E+02  6.382194E+01  5.655824E+01  1.150527E+02
  1.004800E+00  0.000000E+00     4  0.000000E+00 -1.800000E+02 -0.000000E+00 -0.000000E+00
  1.004800E+00  0.000000E+00     5  1.942409E+03  1.628013E+02 -1.855554E+03  5.743454E+02
  1.004800E+00  0.000000E+00     6  0.000000E+00 -1.800000E+02 -0.000000E+00 -0.000000E+00
  1.067600E+00  0.000000E+00     1  5.668776E+02 -5.163397E+01  3.518514E+02 -4.444670E+02
  1.067600E+00  0.000000E+00     2  0.000000E+00 -1.800000E+02 -0.000000E+00 -0.000000E+00
  1.067600E+00  0.000000E+00     3  1.306185E+02  6.995418E+01  4.477232E+01  1.227055E+02
  1.067600E+00  0.000000E+00     4  0.000000E+00 -1.800000E+02 -0.000000E+00 -0.000000E+00
  1.067600E+00  0.000000E+00     5  4.021873E+03  1.247847E+02 -2.294457E+03  3.303170E+03
  1.067600E+00  0.000000E+00     6  0.000000E+00 -1.800000E+02 -0.000000E+00 -0.000000E+00
  1.130400E+00  0.000000E+00     1  5.038949E+02 -5.553645E+01  2.851450E+02 -4.154545E+02
  1.130400E+00  0.000000E+00     2  0.000000E+00 -1.800000E+02 -0.000000E+00 -0.000000E+00
  1.130400E+00  0.000000E+00     3  1.259057E+02  8.108370E+01  1.951430E+01  1.243842E+02
  1.130400E+00  0.000000E+00     4  0.000000E+00 -1.800000E+02 -0.000000E+00 -0.000000E+00
  1.130400E+00  0.000000E+00     5  4.659858E+03  1.185364E+02 -2.226090E+03  4.093751E+03
  1.130400E+00  0.000000E+00     6  0.000000E+00 -1.800000E+02 -0.000000E+00 -0.000000E+00
  1.193200E+00  0.000000E+00     1  4.325578E+02 -4.978273E+01  2.792973E+02 -3.303018E+02
  1.193200E+00  0.000000E+00     2  0.000000E+00 -1.800000E+02 -0.000000E+00 -0.000000E+00
  1.193200E+00  0.000000E+00     3  1.207463E+02  9.472328E+01 -9.942671E+00  1.203362E+02
  1.193200E+00  0.000000E+00     4  0.000000E+00 -1.800000E+02 -0.000000E+00 -0.000000E+00
  1.193200E+00  0.000000E+00     5  4.325804E+03  1.243231E+02 -2.439142E+03  3.572557E+03
  1.193200E+00  0.000000E+00     6  0.000000E+00 -1.800000E+02 -0.000000E+00 -0.000000E+00
  1.256000E+00  0.000000E+00     1  3.618370E+02 -4.052701E+01  2.750322E+02 -2.351240E+02
  1.256000E+00  0.000000E+00     2  0.000000E+00 -1.800000E+02 -0.000000E+00 -0.000000E+00
  1.256000E+00  0.000000E+00     3  1.230605E+02  1.027940E+02 -2.725123E+01  1.200052E+02
  1.256000E+00  0.000000E+00     4  0.000000E+00 -1.800000E+02 -0.000000E+00 -0.000000E+00
  1.256000E+00  0.000000E+00     5  3.503509E+03  1.368181E+02 -2.554706E+03  2.397510E+03
  1.256000E+00  0.000000E+00     6  0.000000E+00 -1.800000E+02 -0.000000E+00 -0.000000E+00
  1.318800E+00  0.000000E+00     1  2.901186E+02 -2.923434E+01  2.531660E+02 -1.416889E+02
  1.318800E+00  0.000000E+00     2  0.000000E+00 -1.800000E+02 -0.000000E+00 -0.000000E+00
  1.318800E+00  0.000000E+00     3  1.063784E+02  8.409474E+01  1.094461E+01  1.058139E+02
  1.318800E+00  0.000000E+00     4  0.000000E+00 -1.800000E+02 -0.000000E+00 -0.000000E+00
  1.318800E+00  0.000000E+00     5  2.640991E+03  1.563909E+02 -2.419938E+03  1.057701E+03
  1.318800E+00  0.000000E+00     6  0.000000E+00 -1.800000E+02 -0.000000E+00 -0.000000E+00
  1.381600E+00  0.000000E+00     1  2.206654E+02 -2.175524E+01  2.049487E+02 -8.178793E+01
  1.381600E+00  0.000000E+00     2  0.000000E+00 -1.800000E+02 -0.000000E+00 -0.000000E+00
  1.381600E+00  0.000000E+00     3  3.867194E+01  5.688569E+01  2.112692E+01  3.239093E+01
  1.381600E+00  0.000000E+00     4  0.000000E+00 -1.800000E+02 -0.000000E+00 -0.000000E+00
  1.381600E+00  0.000000E+00     5  1.959178E+03  1.772657E+02 -1.956948E+03  9.346072E+01
  1.381600E+00  0.000000E+00     6  0.000000E+00 -1.800000E+02 -0.000000E+00 -0.000000E+00
  1.444400E+00  0.000000E+00     1  1.272504E+02 -3.129795E+01  1.087326E+02 -6.610511E+01
  1.444400E+00  0.000000E+00     2  0.000000E+00 -1.800000E+02 -0.000000E+00 -0.000000E+00
  1.444400E+00  0.000000E+00     3  1.054557E+01  1.215353E+01  1.030921E+01  2.220180E+00
  1.444400E+00  0.000000E+00     4  0.000000E+00 -1.800000E+02 -0.000000E+00 -0.000000E+00
  1.444400E+00  0.000000E+00     5  1.162417E+03 -1.653885E+02 -1.124823E+03 -2.932360E+02
  1.444400E+00  0.000000E+00     6  0.000000E+00 -1.800000E+02 -0.000000E+00 -0.000000E+00
  1.507200E+00  0.000000E+00     1  6.738671E+01 -1.010684E+02 -1.293693E+01 -6.613323E+01
  1.507200E+00  0.000000E+00     2  0.000000E+00 -1.800000E+02 -0.000000E+00 -0.000000E+00
  1.507200E+00  0.000000E+00     3  1.067716E+01 -3.016035E+01  9.231717E+00 -5.364439E+00
  1.507200E+00  0.000000E+00     4  0.000000E+00 -1.800000E+02 -0.000000E+00 -0.000000E+00
  1.507200E+00  0.000000E+00     5  3.613500E+02 -1.187490E+02 -1.737997E+02 -3.168083E+02
  1.507200E+00  0.000000E+00     6  0.000000E+00 -1.800000E+02 -0.000000E+00 -0.000000E+00
  1.570000E+00  0.000000E+00     1  1.509860E+02 -1.449839E+02 -1.236561E+02 -8.663684E+01
  1.570000E+00  0.000000E+00     2  0.000000E+00 -1.800000E+02 -0.000000E+00 -0.000000E+00
  1.570000E+00  0.000000E+00     3  1.195786E+01 -1.475674E+01  1.156344E+01 -3.045855E+00
  1.570000E+00  0.000000E+00     4  0.000000E+00 -1.800000E+02 -0.000000E+00 -0.000000E+00
  1.570000E+00  0.000000E+00     5  5.169230E+02 -1.272465E+01  5.042273E+02 -1.138605E+02
  1.570000E+00  0.000000E+00     6  0.000000E+00 -1.800000E+02 -0.000000E+00 -0.000000E+00
  1.632800E+00  0.000000E+00     1  2.089740E+02 -1.577787E+02 -1.934535E+02 -7.903088E+01
  1.632800E+00  0.000000E+00     2  0.000000E+00 -1.800000E+02 -0.000000E+00 -0.000000E+00
  1.632800E+00  0.000000E+00     3  1.289901E+01  8.560090E+00  1.275532E+01  1.919973E+00
  1.632800E+00  0.000000E+00     4  0.000000E+00 -1.800000E+02 -0.000000E+00 -0.000000E+00
  1.632800E+00  0.000000E+00     5  7.821784E+02  6.709072E+00  7.768221E+02  9.138033E+01
  1.632800E+00  0.000000E+00     6  0.000000E+00 -1.800000E+02 -0.000000E+00 -0.000000E+00
  1.695600E+00  0.000000E+00     1  1.776573E+02 -1.558415E+02 -1.620976E+02 -7.270835E+01
  1.695600E+00  0.000000E+00     2  0.000000E+00 -1.800000E+02 -0.000000E+00 -0.000000E+00
  1.695600E+00  0.000000E+00     3  1.242701E+01  2.289945E+01  1.144762E+01  4.835535E+00
  1.695600E+00  0.000000E+00     4  0.000000E+00 -1.800000E+02 -0.000000E+00 -0.000000E+00
  1.695600E+00  0.000000E+00     5  6.600974E+02  2.267585E+01  6.090723E+02  2.544789E+02
  1.695600E+00  0.000000E+00     6  0.000000E+00 -1.800000E+02 -0.000000E+00 -0.000000E+00
  1.758400E+00  0.000000E+00     1  1.289475E+02 -1.405894E+02 -9.962689E+01 -8.186535E+01
  1.758400E+00  0.000000E+00     2  0.000000E+00 -1.800000E+02 -0.000000E+00 -0.000000E+00
  1.758400E+00  0.000000E+00     3  8.943061E+00  2.617604E+01  8.025887E+00  3.945057E+00
  1.758400E+00  0.000000E+00     4  0.000000E+00 -1.800000E+02 -0.000000E+00 -0.000000E+00
  1.758400E+00  0.000000E+00     5  4.710900E+02  4.584824E+01  3.281431E+02  3.380059E+02
  1.758400E+00  0.000000E+00     6  0.000000E+00 -1.800000E+02 -0.000000E+00 -0.000000E+00
  1.821200E+00  0.000000E+00     1  7.924875E+01 -1.333744E+02 -5.442511E+01 -5.760444E+01
  1.821200E+00  0.000000E+00     2  0.000000E+00 -1.800000E+02 -0.000000E+00 -0.000000E+00
  1.821200E+00  0.000000E+00     3  4.614221E+00  8.266505E+01  5.890960E-01  4.576462E+00
  1.821200E+00  0.000000E+00     4  0.000000E+00 -1.800000E+02 -0.000000E+00 -0.000000E+00
  1.821200E+00  0.000000E+00     5  2.633585E+02  5.811199E+01  1.391220E+02  2.236131E+02
  1.821200E+00  0.000000E+00     6  0.000000E+00 -1.800000E+02 -0.000000E+00 -0.000000E+00
  1.884000E+00  0.000000E+00     1  2.397133E+01  1.714855E+02 -2.370713E+01  3.549189E+00
  1.884000E+00  0.000000E+00     2  0.000000E+00 -1.800000E+02 -0.000000E+00 -0.000000E+00
  1.884000E+00  0.000000E+00     3  5.411838E+00  6.508658E+01  2.279727E+00  4.908242E+00
  1.884000E+00  0.000000E+00     4  0.000000E+00 -1.800000E+02 -0.000000E+00 -0.000000E+00
  1.884000E+00  0.000000E+00     5  2.611291E+01 -7.427608E+00  2.589379E+01 -3.375705E+00
  1.884000E+00  0.000000E+00     6  0.000000E+00 -1.800000E+02 -0.000000E+00 -0.000000E+00
  1.946800E+00  0.000000E+00     1  6.897548E+01  1.220869E+02 -3.664009E+01  5.843903E+01
  1.946800E+00  0.000000E+00     2  0.000000E+00 -1.800000E+02 -0.000000E+00 -0.000000E+00
  1.946800E+00  0.000000E+00     3  5.562812E+00  5.014327E+01  3.565040E+00  4.270289E+00
  1.946800E+00  0.000000E+00     4  0.000000E+00 -1.800000E+02 -0.000000E+00 -0.000000E+00
  1.946800E+00  0.000000E+00     5  1.751319E+02 -6.788815E+01  6.592243E+01 -1.622511E+02
  1.946800E+00  0.000000E+00     6  0.000000E+00 -1.800000E+02 -0.000000E+00 -0.000000E+00
  2.009600E+00  0.000000E+00     1  1.544821E+02  1.240670E+02 -8.653491E+01  1.279704E+02
  2.009600E+00  0.000000E+00     2  0.000000E+00 -1.800000E+02 -0.000000E+00 -0.000000E+00
  2.009600E+00  0.000000E+00     3  6.596485E+00  3.387682E+01  5.476652E+00  3.676942E+00
  2.009600E+00  0.000000E+00     4  0.000000E+00 -1.800000E+02 -0.000000E+00 -0.000000E+00
  2.009600E+00  0.000000E+00     5  3.763179E+02 -5.714289E+01  2.041697E+02 -3.161169E+02
  2.009600E+00  0.000000E+00     6  0.000000E+00 -1.800000E+02 -0.000000E+00 -0.000000E+00
  2.072400E+00  0.000000E+00     1  1.672251E+02  1.143278E+02 -6.888952E+01  1.523761E+02
  2.072400E+00  0.000000E+00     2  0.000000E+00 -1.800000E+02 -0.000000E+00 -0.000000E+00
  2.072400E+00  0.000000E+00     3  6.925936E+00  2.285830E+01  6.382031E+00  2.690404E+00
  2.072400E+00  0.000000E+00     4  0.000000E+00 -1.800000E+02 -0.000000E+00 -0.000000E+00
  2.072400E+00  0.000000E+00     5  3.791278E+02 -6.559609E+01  1.566429E+02 -3.452548E+02
  2.072400E+00  0.000000E+00     6  0.000000E+00 -1.800000E+02 -0.000000E+00 -0.000000E+00
  2.135200E+00  0.000000E+00     1  1.210194E+02  1.156205E+02 -5.232973E+01  1.091205E+02
  2.135200E+00  0.000000E+00     2  0.000000E+00 -1.800000E+02 -0.000000E+00 -0.000000E+00
  2.135200E+00  0.000000E+00     3  6.448387E+00  1.249158E+01  6.295739E+00  1.394761E+00
  2.135200E+00  0.000000E+00     4  0.000000E+00 -1.800000E+02 -0.000000E+00 -0.000000E+00
  2.135200E+00  0.000000E+00     5  2.292816E+02 -6.374464E+01  1.014279E+02 -2.056269E+02
  2.135200E+00  0.000000E+00     6  0.000000E+00 -1.800000E+02 -0.000000E+00 -0.000000E+00
  2.198000E+00  0.000000E+00     1  7.561857E+01  9.994270E+01 -1.305655E+01  7.448284E+01
  2.198000E+00  0.000000E+00     2  0.000000E+00 -1.800000E+02 -0.000000E+00 -0.000000E+00
  2.198000E+00  0.000000E+00     3  5.292229E+00 -8.355789E+01  5.937846E-01 -5.258812E+00
  2.198000E+00  0.000000E+00     4  0.000000E+00 -1.800000E+02 -0.000000E+00 -0.000000E+00
  2.198000E+00  0.000000E+00     5  1.002802E+02 -8.449126E+01  9.626664E+00 -9.981707E+01
  2.198000E+00  0.000000E+00     6  0.000000E+00 -1.800000E+02 -0.000000E+00 -0.000000E+00
  2.260800E+00  0.000000E+00     1  7.383140E+01  6.051864E+01  3.633542E+01  6.427140E+01
  2.260800E+00  0.000000E+00     2  0.000000E+00 -1.800000E+02 -0.000000E+00 -0.000000E+00
  2.260800E+00  0.000000E+00     3  5.150962E+00  7.353755E+01  1.459715E+00  4.939801E+00
  2.260800E+00  0.000000E+00     4  0.000000E+00 -1.800000E+02 -0.000000E+00 -0.000000E+00
  2.260800E+00  0.000000E+00     5  1.121323E+02 -1.448702E+02 -9.170753E+01 -6.452431E+01
  2.260800E+00  0.000000E+00     6  0.000000E+00 -1.800000E+02 -0.000000E+00 -0.000000E+00
  2.323600E+00  0.000000E+00     1  1.195988E+02  5.341695E+01  7.127934E+01  9.603707E+01
  2.323600E+00  0.000000E+00     2  0.000000E+00 -1.800000E+02 -0.000000E+00 -0.000000E+00
  2.323600E+00  0.000000E+00     3  3.462532E+00  2.428646E+01  3.156100E+00  1.424136E+00
  2.323600E+00  0.000000E+00     4  0.000000E+00 -1.800000E+02 -0.000000E+00 -0.000000E+00
  2.323600E+00  0.000000E+00     5  1.829244E+02 -1.453808E+02 -1.505370E+02 -1.039229E+02
  2.323600E+00  0.000000E+00     6  0.000000E+00 -1.800000E+02 -0.000000E+00 -0.000000E+00
  2.386400E+00  0.000000E+00     1  1.432885E+02  3.879311E+01  1.116810E+02  8.977171E+01
  2.386400E+00  0.000000E+00     2  0.000000E+00 -1.800000E+02 -0.000000E+00 -0.000000E+00
  2.386400E+00  0.000000E+00     3  4.001942E+00 -5.471680E+01  2.311595E+00 -3.266813E+00
  2.386400E+00  0.000000E+00     4  0.000000E+00 -1.800000E+02 -0.000000E+00 -0.000000E+00
  2.386400E+00  0.000000E+00     5  1.980953E+02 -1.429286E+02 -1.580573E+02 -1.194137E+02
  2.386400E+00  0.000000E+00     6  0.000000E+00 -1.800000E+02 -0.000000E+00 -0.000000E+00
  2.449200E+00  0.000000E+00     1  6.522641E+01  3.650133E+01  5.243179E+01  3.879937E+01
  2.449200E+00  0.000000E+00     2  0.000000E+00 -1.800000E+02 -0.000000E+00 -0.000000E+00
  2.449200E+00  0.000000E+00     3  1.040211E+01 -8.548095E+01  8.195871E-01 -1.036977E+01
  2.449200E+00  0.000000E+00     4  0.000000E+00 -1.800000E+02 -0.000000E+00 -0.000000E+00
  2.449200E+00  0.000000E+00     5  1.304118E+02 -1.290160E+02 -8.209915E+01 -1.013261E+02
  2.449200E+00  0.000000E+00     6  0.000000E+00 -1.800000E+02 -0.000000E+00 -0.000000E+00
  2.512000E+00  0.000000E+00     1  2.764308E+01  4.079596E+01  2.092695E+01  1.806108E+01
  2.512000E+00  0.000000E+00     2  0.000000E+00 -1.800000E+02 -0.000000E+00 -0.000000E+00
  2.512000E+00  0.000000E+00     3  1.324227E+01  1.246882E+02 -7.536311E+00  1.088860E+01
  2.512000E+00  0.000000E+00     4  0.000000E+00 -1.800000E+02 -0.000000E+00 -0.000000E+00
  2.512000E+00  0.000000E+00     5  7.828569E+01 -1.251952E+02 -4.512104E+01 -6.397453E+01
  2.512000E+00  0.000000E+00     6  0.000000E+00 -1.800000E+02 -0.000000E+00 -0.000000E+00
  2.574800E+00  0.000000E+00     1  3.791649E+01 -5.244889E+01  2.310892E+01 -3.006057E+01
  2.574800E+00  0.000000E+00     2  0.000000E+00 -1.800000E+02 -0.000000E+00 -0.000000E+00
  2.574800E+00  0.000000E+00     3  5.472440E+00  6.216724E+01  2.555040E+00  4.839356E+00
  2.574800E+00  0.000000E+00     4  0.000000E+00 -1.800000E+02 -0.000000E+00 -0.000000E+00
  2.574800E+00  0.000000E+00     5  8.221588E+01 -1.685750E+02 -8.058675E+01 -1.628580E+01
  2.574800E+00  0.000000E+00     6  0.000000E+00 -1.800000E+02 -0.000000E+00 -0.000000E+00
  2.637600E+00  0.000000E+00     1  5.220815E+01 -2.170270E+01  4.850738E+01 -1.930608E+01
  2.637600E+00  0.000000E+00     2  0.000000E+00 -1.800000E+02 -0.000000E+00 -0.000000E+00
  2.637600E+00  0.000000E+00     3  4.103988E+00 -7.210566E+00  4.071532E+00 -5.151169E-01
  2.637600E+00  0.000000E+00     4  0.000000E+00 -1.800000E+02 -0.000000E+00 -0.000000E+00
  2.637600E+00  0.000000E+00     5  8.747513E+01 -1.760998E+02 -8.727254E+01 -5.949989E+00
  2.637600E+00  0.000000E+00     6  0.000000E+00 -1.800000E+02 -0.000000E+00 -0.000000E+00
  2.700400E+00  0.000000E+00     1  5.848711E+01 -2.189037E+01  5.427012E+01 -2.180586E+01
  2.700400E+00  0.000000E+00     2  0.000000E+00 -1.800000E+02 -0.000000E+00 -0.000000E+00
  2.700400E+00  0.000000E+00     3  4.564160E+00 -4.603066E+01  3.168775E+00 -3.284878E+00
  2.700400E+00  0.000000E+00     4  0.000000E+00 -1.800000E+02 -0.000000E+00 -0.000000E+00
  2.700400E+00  0.000000E+00     5  1.156083E+02 -1.691080E+02 -1.135257E+02 -2.184508E+01
  2.700400E+00  0.000000E+00     6  0.000000E+00 -1.800000E+02 -0.000000E+00 -0.000000E+00
  2.763200E+00  0.000000E+00     1  6.614030E+00 -4.533738E+01  4.649206E+00 -4.704283E+00
  2.763200E+00  0.000000E+00     2  0.000000E+00 -1.800000E+02 -0.000000E+00 -0.000000E+00
  2.763200E+00  0.000000E+00     3  9.377580E-01 -6.103631E+01  4.541142E-01 -8.204696E-01
  2.763200E+00  0.000000E+00     4  0.000000E+00 -1.800000E+02 -0.000000E+00 -0.000000E+00
  2.763200E+00  0.000000E+00     5  4.104324E+01 -1.768421E+02 -4.098092E+01 -2.260953E+00
  2.763200E+00  0.000000E+00     6  0.000000E+00 -1.800000E+02 -0.000000E+00 -0.000000E+00
  2.826000E+00  0.000000E+00     1  2.118691E+01  1.614297E+02 -2.008379E+01  6.747343E+00
  2.826000E+00  0.000000E+00     2  0.000000E+00 -1.800000E+02 -0.000000E+00 -0.000000E+00
  2.826000E+00  0.000000E+00     3  6.738566E+00 -4.552127E+01  4.721338E+00 -4.808038E+00
  2.826000E+00  0.000000E+00     4  0.000000E+00 -1.800000E+02 -0.000000E+00 -0.000000E+00
  2.826000E+00  0.000000E+00     5  2.479098E+01  5.834491E+00  2.466255E+01  2.520132E+00
  2.826000E+00  0.000000E+00     6  0.000000E+00 -1.800000E+02 -0.000000E+00 -0.000000E+00
  2.888800E+00  0.000000E+00     1  1.320363E+01 -9.552209E+01 -1.270580E+00 -1.314235E+01
  2.888800E+00  0.000000E+00     2  0.000000E+00 -1.800000E+02 -0.000000E+00 -0.000000E+00
  2.888800E+00  0.000000E+00     3  5.350349E+00 -6.479675E+01  2.278343E+00 -4.841011E+00
  2.888800E+00  0.000000E+00     4  0.000000E+00 -1.800000E+02 -0.000000E+00 -0.000000E+00
  2.888800E+00  0.000000E+00     5  5.740424E+01  7.325768E+01  1.653632E+01  5.497087E+01
  2.888800E+00  0.000000E+00     6  0.000000E+00 -1.800000E+02 -0.000000E+00 -0.000000E+00
  2.951600E+00  0.000000E+00     1  3.829341E+01 -6.570726E+01  1.575386E+01 -3.490273E+01
  2.951600E+00  0.000000E+00     2  0.000000E+00 -1.800000E+02 -0.000000E+00 -0.000000E+00
  2.951600E+00  0.000000E+00     3  2.984430E+00 -1.153118E+02 -1.275973E+00 -2.697909E+00
  2.951600E+00  0.000000E+00     4  0.000000E+00 -1.800000E+02 -0.000000E+00 -0.000000E+00
  2.951600E+00  0.000000E+00     5  7.635226E+01  9.217195E+01 -2.893650E+00  7.629741E+01
  2.951600E+00  0.000000E+00     6  0.000000E+00 -1.800000E+02 -0.000000E+00 -0.000000E+00
  3.014400E+00  0.000000E+00     1  1.184872E+01 -7.608757E+01  2.848889E+00 -1.150113E+01
  3.014400E+00  0.000000E+00     2  0.000000E+00 -1.800000E+02 -0.000000E+00 -0.000000E+00
  3.014400E+00  0.000000E+00     3  2.634264E+00 -1.745299E+02 -2.622267E+00 -2.511131E-01
  3.014400E+00  0.000000E+00     4  0.000000E+00 -1.800000E+02 -0.000000E+00 -0.000000E+00
  3.014400E+00  0.000000E+00     5  6.454336E+01  1.034289E+02 -1.498945E+01  6.277868E+01
  3.014400E+00  0.000000E+00     6  0.000000E+00 -1.800000E+02 -0.000000E+00 -0.000000E+00
  3.077200E+00  0.000000E+00     1  2.112179E+01  1.524692E+02 -1.873001E+01  9.763024E+00
  3.077200E+00  0.000000E+00     2  0.000000E+00 -1.800000E+02 -0.000000E+00 -0.000000E+00
  3.077200E+00  0.000000E+00     3  2.983809E+00  1.561403E+02 -2.728810E+00  1.206944E+00
  3.077200E+00  0.000000E+00     4  0.000000E+00 -1.800000E+02 -0.000000E+00 -0.000000E+00
  3.077200E+00  0.000000E+00     5  5.413885E+01  3.134376E+01  4.623792E+01  2.816149E+01
  3.077200E+00  0.000000E+00     6  0.000000E+00 -1.800000E+02 -0.000000E+00 -0.000000E+00
  3.140000E+00  0.000000E+00     1  3.862204E+01  1.735782E+02 -3.837970E+01  4.319789E+00
  3.140000E+00  0.000000E+00     2  0.000000E+00 -1.800000E+02 -0.000000E+00 -0.000000E+00
  3.140000E+00  0.000000E+00     3  3.083401E+00  1.782873E+02 -3.082023E+00  9.215775E-02
  3.140000E+00  0.000000E+00     4  0.000000E+00 -1.800000E+02 -0.000000E+00 -0.000000E+00
  3.140000E+00  0.000000E+00     5  5.897398E+01  3.312944E+01  4.938705E+01  3.223118E+01
  3.140000E+00  0.000000E+00     6  0.000000E+00 -1.800000E+02 -0.000000E+00 -0.000000E+00
  3.202800E+00  0.000000E+00     1  4.012001E+01 -1.600899E+02 -3.772196E+01 -1.366270E+01
  3.202800E+00  0.000000E+00     2  0.000000E+00 -1.800000E+02 -0.000000E+00 -0.000000E+00
  3.202800E+00  0.000000E+00     3  4.925167E+00  1.731126E+02 -4.889626E+00  5.906188E-01
  3.202800E+00  0.000000E+00     4  0.000000E+00 -1.800000E+02 -0.000000E+00 -0.000000E+00
  3.202800E+00  0.000000E+00     5  4.436150E+01  3.132542E+01  3.789485E+01  2.306346E+01
  3.202800E+00  0.000000E+00     6  0.000000E+00 -1.800000E+02 -0.000000E+00 -0.000000E+00
  3.265600E+00  0.000000E+00     1  2.465368E+01  1.156864E+02 -1.068602E+01  2.221740E+01
  3.265600E+00  0.000000E+00     2  0.000000E+00 -1.800000E+02 -0.000000E+00 -0.000000E+00
  3.265600E+00  0.000000E+00     3  3.470985E+00  1.366454E+02 -2.523819E+00  2.382871E+00
  3.265600E+00  0.000000E+00     4  0.000000E+00 -1.800000E+02 -0.000000E+00 -0.000000E+00
  3.265600E+00  0.000000E+00     5  3.073890E+01 -1.375578E+02 -2.268402E+01 -2.074404E+01
  3.265600E+00  0.000000E+00     6  0.000000E+00 -1.800000E+02 -0.000000E+00 -0.000000E+00
  3.328400E+00  0.000000E+00     1  3.858293E+01  9.609428E+01 -4.096149E+00  3.836488E+01
  3.328400E+00  0.000000E+00     2  0.000000E+00 -1.800000E+02 -0.000000E+00 -0.000000E+00
  3.328400E+00  0.000000E+00     3  1.449454E+00 -9.985869E+01 -2.481739E-01 -1.428050E+00
  3.328400E+00  0.000000E+00     4  0.000000E+00 -1.800000E+02 -0.000000E+00 -0.000000E+00
  3.328400E+00  0.000000E+00     5  4.285199E+01 -5.932442E+01  2.186207E+01 -3.685570E+01
  3.328400E+00  0.000000E+00     6  0.000000E+00 -1.800000E+02 -0.000000E+00 -0.000000E+00
  3.391200E+00  0.000000E+00     1  2.934003E+01  1.063421E+02 -8.255476E+00  2.815465E+01
  3.391200E+00  0.000000E+00     2  0.000000E+00 -1.800000E+02 -0.000000E+00 -0.000000E+00
  3.391200E+00  0.000000E+00     3  2.453562E+00 -9.688949E+01 -2.943162E-01 -2.435846E+00
  3.391200E+00  0.000000E+00     4  0.000000E+00 -1.800000E+02 -0.000000E+00 -0.000000E+00
  3.391200E+00  0.000000E+00     5  1.107163E+02 -6.342081E+01  4.953827E+01 -9.901544E+01
  3.391200E+00  0.000000E+00     6  0.000000E+00 -1.800000E+02 -0.000000E+00 -0.000000E+00
  3.454000E+00  0.000000E+00     1  1.762967E+01  1.380036E+02 -1.310215E+01  1.179572E+01
  3.454000E+00  0.000000E+00     2  0.000000E+00 -1.800000E+02 -0.000000E+00 -0.000000E+00
  3.454000E+00  0.000000E+00     3  1.998042E+00 -1.290383E+02 -1.258446E+00 -1.551930E+00
  3.454000E+00  0.000000E+00     4  0.000000E+00 -1.800000E+02 -0.000000E+00 -0.000000E+00
  3.454000E+00  0.000000E+00     5  2.835399E+01 -7.715867E+01  6.301729E+00 -2.764484E+01
  3.454000E+00  0.000000E+00     6  0.000000E+00 -1.800000E+02 -0.000000E+00 -0.000000E+00
  3.516800E+00  0.000000E+00     1  2.487747E+01  1.657833E+01  2.384333E+01  7.098185E+00
  3.516800E+00  0.000000E+00     2  0.000000E+00 -1.800000E+02 -0.000000E+00 -0.000000E+00
  3.516800E+00  0.000000E+00     3  2.185155E+00  1.293618E+02 -1.385857E+00  1.689468E+00
  3.516800E+00  0.000000E+00     4  0.000000E+00 -1.800000E+02 -0.000000E+00 -0.000000E+00
  3.516800E+00  0.000000E+00     5  2.131204E+01  1.111151E+01  2.091252E+01  4.107238E+00
  3.516800E+00  0.000000E+00     6  0.000000E+00 -1.800000E+02 -0.000000E+00 -0.000000E+00
  3.579600E+00  0.000000E+00     1  2.462193E+01  4.649842E+01  1.694911E+01  1.785965E+01
  3.579600E+00  0.000000E+00     2  0.000000E+00 -1.800000E+02 -0.000000E+00 -0.000000E+00
  3.579600E+00  0.000000E+00     3  1.608195E+00  7.017603E+01  5.453897E-01  1.512892E+00
  3.579600E+00  0.000000E+00     4  0.000000E+00 -1.800000E+02 -0.000000E+00 -0.000000E+00
  3.579600E+00  0.000000E+00     5  4.037068E+01 -7.236929E+01  1.222750E+01 -3.847441E+01
  3.579600E+00  0.000000E+00     6  0.000000E+00 -1.800000E+02 -0.000000E+00 -0.000000E+00
  3.642400E+00  0.000000E+00     1  2.249419E+01  8.209629E+01  3.093146E+00  2.228051E+01
  3.642400E+00  0.000000E+00     2  0.000000E+00 -1.800000E+02 -0.000000E+00 -0.000000E+00
  3.642400E+00  0.000000E+00     3  2.937489E+00  1.166307E+02 -1.316693E+00  2.625864E+00
  3.642400E+00  0.000000E+00     4  0.000000E+00 -1.800000E+02 -0.000000E+00 -0.000000E+00
  3.642400E+00  0.000000E+00     5  5.916485E+01 -5.896618E+01  3.050208E+01 -5.069618E+01
  3.642400E+00  0.000000E+00     6  0.000000E+00 -1.800000E+02 -0.000000E+00 -0.000000E+00
  3.705200E+00  0.000000E+00     1  2.630801E+01 -7.525341E+01  6.696558E+00 -2.544145E+01
  3.705200E+00  0.000000E+00     2  0.000000E+00 -1.800000E+02 -0.000000E+00 -0.000000E+00
  3.705200E+00  0.000000E+00     3  4.606692E+00  8.616390E+01  3.081994E-01  4.596370E+00
  3.705200E+00  0.000000E+00     4  0.000000E+00 -1.800000E+02 -0.000000E+00 -0.000000E+00
  3.705200E+00  0.000000E+00     5  1.872604E+01  1.026228E+02 -4.092217E+00  1.827343E+01
  3.705200E+00  0.000000E+00     6  0.000000E+00 -1.800000E+02 -0.000000E+00 -0.000000E+00
  3.768000E+00  0.000000E+00     1  1.467607E+01  4.766039E+01  9.884677E+00  1.084804E+01
  3.768000E+00  0.000000E+00     2  0.000000E+00 -1.800000E+02 -0.000000E+00 -0.000000E+00
  3.768000E+00  0.000000E+00     3  3.744612E+00  1.286957E+02 -2.341072E+00  2.922585E+00
  3.768000E+00  0.000000E+00     4  0.000000E+00 -1.800000E+02 -0.000000E+00 -0.000000E+00
  3.768000E+00  0.000000E+00     5  1.202126E+02  1.524658E+02 -1.065967E+02  5.557164E+01
  3.768000E+00  0.000000E+00     6  0.000000E+00 -1.800000E+02 -0.000000E+00 -0.000000E+00
  3.830800E+00  0.000000E+00     1  2.222728E+01  2.560148E+01  2.004504E+01  9.604610E+00
  3.830800E+00  0.000000E+00     2  0.000000E+00 -1.800000E+02 -0.000000E+00 -0.000000E+00
  3.830800E+00  0.000000E+00     3  6.286351E+00 -1.359315E+01  6.110265E+00 -1.477455E+00
  3.830800E+00  0.000000E+00     4  0.000000E+00 -1.800000E+02 -0.000000E+00 -0.000000E+00
  3.830800E+00  0.000000E+00     5  4.607425E+01 -1.654190E+02 -4.459032E+01 -1.159915E+01
  3.830800E+00  0.000000E+00     6  0.000000E+00 -1.800000E+02 -0.000000E+00 -0.000000E+00
  3.893600E+00  0.000000E+00     1  2.792542E+01 -1.142078E+02 -1.145074E+01 -2.546978E+01
  3.893600E+00  0.000000E+00     2  0.000000E+00 -1.800000E+02 -0.000000E+00 -0.000000E+00
  3.893600E+00  0.000000E+00     3  5.163469E+00 -9.262386E+01 -2.363785E-01 -5.158055E+00
  3.893600E+00  0.000000E+00     4  0.000000E+00 -1.800000E+02 -0.000000E+00 -0.000000E+00
  3.893600E+00  0.000000E+00     5  3.162371E+01 -1.574425E+02 -2.920434E+01 -1.213118E+01
  3.893600E+00  0.000000E+00     6  0.000000E+00 -1.800000E+02 -0.000000E+00 -0.000000E+00
  3.956400E+00  0.000000E+00     1  3.678619E+01 -1.106432E+02 -1.296889E+01 -3.442429E+01
  3.956400E+00  0.000000E+00     2  0.000000E+00 -1.800000E+02 -0.000000E+00 -0.000000E+00
  3.956400E+00  0.000000E+00     3  1.952154E+00  1.681645E+02 -1.910652E+00  4.003914E-01
  3.956400E+00  0.000000E+00     4  0.000000E+00 -1.800000E+02 -0.000000E+00 -0.000000E+00
  3.956400E+00  0.000000E+00     5  8.103205E+01  8.432385E+01  8.014515E+00  8.063473E+01
  3.956400E+00  0.000000E+00     6  0.000000E+00 -1.800000E+02 -0.000000E+00 -0.000000E+00
  4.019200E+00  0.000000E+00     1  2.362935E+01 -8.232932E+01  3.154022E+00 -2.341791E+01
  4.019200E+00  0.000000E+00     2  0.000000E+00 -1.800000E+02 -0.000000E+00 -0.000000E+00
  4.019200E+00  0.000000E+00     3  1.521879E+00 -1.792429E+01  1.448013E+00 -4.683736E-01
  4.019200E+00  0.000000E+00     4  0.000000E+00 -1.800000E+02 -0.000000E+00 -0.000000E+00
  4.019200E+00  0.000000E+00     5  2.728582E+01 -1.051707E+02 -7.140591E+00 -2.633492E+01
  4.019200E+00  0.000000E+00     6  0.000000E+00 -1.800000E+02 -0.000000E+00 -0.000000E+00
  4.082000E+00  0.000000E+00     1  3.378692E+01 -1.741724E+02 -3.361231E+01 -3.430575E+00
  4.082000E+00  0.000000E+00     2  0.000000E+00 -1.800000E+02 -0.000000E+00 -0.000000E+00
  4.082000E+00  0.000000E+00     3  1.805203E+00 -1.444517E+02 -1.468759E+00 -1.049526E+00
  4.082000E+00  0.000000E+00     4  0.000000E+00 -1.800000E+02 -0.000000E+00 -0.000000E+00
  4.082000E+00  0.000000E+00     5  4.004864E+01 -5.122973E+00  3.988866E+01 -3.576089E+00
  4.082000E+00  0.000000E+00     6  0.000000E+00 -1.800000E+02 -0.000000E+00 -0.000000E+00
  4.144800E+00  0.000000E+00     1  3.416100E+01 -1.760082E+02 -3.407813E+01 -2.378056E+00
  4.144800E+00  0.000000E+00     2  0.000000E+00 -1.800000E+02 -0.000000E+00 -0.000000E+00
  4.144800E+00  0.000000E+00     3  3.932471E+00  3.419432E+00  3.925470E+00  2.345519E-01
  4.144800E+00  0.000000E+00     4  0.000000E+00 -1.800000E+02 -0.000000E+00 -0.000000E+00
  4.144800E+00  0.000000E+00     5  6.638578E+01  2.267759E+01  6.125342E+01  2.559472E+01
  4.144800E+00  0.000000E+00     6  0.000000E+00 -1.800000E+02 -0.000000E+00 -0.000000E+00
  4.207600E+00  0.000000E+00     1  1.231248E+01 -1.574633E+02 -1.137223E+01 -4.719075E+00
  4.207600E+00  0.000000E+00     2  0.000000E+00 -1.800000E+02 -0.000000E+00 -0.000000E+00
  4.207600E+00  0.000000E+00     3  1.008628E+00 -2.136465E+01  9.393161E-01 -3.674456E-01
  4.207600E+00  0.000000E+00     4  0.000000E+00 -1.800000E+02 -0.000000E+00 -0.000000E+00
  4.207600E+00  0.000000E+00     5  3.680764E+01  1.371367E+02 -2.697920E+01  2.503847E+01
  4.207600E+00  0.000000E+00     6  0.000000E+00 -1.800000E+02 -0.000000E+00 -0.000000E+00
  4.270400E+00  0.000000E+00     1  3.288366E+01  1.000453E+02 -5.735800E+00  3.237956E+01
  4.270400E+00  0.000000E+00     2  0.000000E+00 -1.800000E+02 -0.000000E+00 -0.000000E+00
  4.270400E+00  0.000000E+00     3  5.592920E-01 -3.444350E+01  4.612394E-01 -3.163318E-01
  4.270400E+00  0.000000E+00     4  0.000000E+00 -1.800000E+02 -0.000000E+00 -0.000000E+00
  4.270400E+00  0.000000E+00     5  2.322237E+01 -1.346399E+02 -1.631717E+01 -1.652357E+01
  4.270400E+00  0.000000E+00     6  0.000000E+00 -1.800000E+02 -0.000000E+00 -0.000000E+00
  4.333200E+00  0.000000E+00     1  2.451157E+01  1.311951E+02 -1.614393E+01  1.844425E+01
  4.333200E+00  0.000000E+00     2  0.000000E+00 -1.800000E+02 -0.000000E+00 -0.000000E+00
  4.333200E+00  0.000000E+00     3  5.184553E+00 -2.957652E+01  4.508991E+00 -2.559020E+00
  4.333200E+00  0.000000E+00     4  0.000000E+00 -1.800000E+02 -0.000000E+00 -0.000000E+00
  4.333200E+00  0.000000E+00     5  4.025816E+01 -1.228865E+01  3.933575E+01 -8.568418E+00
  4.333200E+00  0.000000E+00     6  0.000000E+00 -1.800000E+02 -0.000000E+00 -0.000000E+00
  4.396000E+00  0.000000E+00     1  1.323634E+01 -3.422685E+01  1.094403E+01 -7.445057E+00
  4.396000E+00  0.000000E+00     2  0.000000E+00 -1.800000E+02 -0.000000E+00 -0.000000E+00
  4.396000E+00  0.000000E+00     3  7.051217E+00 -1.392047E+02 -5.338112E+00 -4.606975E+00
  4.396000E+00  0.000000E+00     4  0.000000E+00 -1.800000E+02 -0.000000E+00 -0.000000E+00
  4.396000E+00  0.000000E+00     5  4.391568E+01  6.628430E+01  1.766282E+01  4.020711E+01
  4.396000E+00  0.000000E+00     6  0.000000E+00 -1.800000E+02 -0.000000E+00 -0.000000E+00
  4.458800E+00  0.000000E+00     1  2.943498E+01  3.071293E+01  2.530634E+01  1.503353E+01
  4.458800E+00  0.000000E+00     2  0.000000E+00 -1.800000E+02 -0.000000E+00 -0.000000E+00
  4.458800E+00  0.000000E+00     3  4.868418E+00 -1.729356E+02 -4.831460E+00 -5.987401E-01
  4.458800E+00  0.000000E+00     4  0.000000E+00 -1.800000E+02 -0.000000E+00 -0.000000E+00
  4.458800E+00  0.000000E+00     5  1.247607E+01 -9.812255E+01 -1.762755E+00 -1.235091E+01
  4.458800E+00  0.000000E+00     6  0.000000E+00 -1.800000E+02 -0.000000E+00 -0.000000E+00
  4.521600E+00  0.000000E+00     1  1.563862E+01  5.330405E+01  9.345144E+00  1.253932E+01
  4.521600E+00  0.000000E+00     2  0.000000E+00 -1.800000E+02 -0.000000E+00 -0.000000E+00
  4.521600E+00  0.000000E+00     3  3.034238E+00  3.406969E+01  2.513432E+00  1.699783E+00
  4.521600E+00  0.000000E+00     4  0.000000E+00 -1.800000E+02 -0.000000E+00 -0.000000E+00
  4.521600E+00  0.000000E+00     5  1.008666E+02 -4.788029E+01  6.764940E+01 -7.481731E+01
  4.521600E+00  0.000000E+00     6  0.000000E+00 -1.800000E+02 -0.000000E+00 -0.000000E+00
  4.584400E+00  0.000000E+00     1  2.195546E+01 -4.972032E+01  1.419463E+01 -1.674977E+01
  4.584400E+00  0.000000E+00     2  0.000000E+00 -1.800000E+02 -0.000000E+00 -0.000000E+00
  4.584400E+00  0.000000E+00     3  7.745589E+00  1.444757E+02 -6.303894E+00  4.500564E+00
  4.584400E+00  0.000000E+00     4  0.000000E+00 -1.800000E+02 -0.000000E+00 -0.000000E+00
  4.584400E+00  0.000000E+00     5  2.229339E+01 -1.370848E+02 -1.632685E+01 -1.517990E+01
  4.584400E+00  0.000000E+00     6  0.000000E+00 -1.800000E+02 -0.000000E+00 -0.000000E+00
  4.647200E+00  0.000000E+00     1  3.578132E+01 -1.787274E+01  3.405453E+01 -1.098142E+01
  4.647200E+00  0.000000E+00     2  0.000000E+00 -1.800000E+02 -0.000000E+00 -0.000000E+00
  4.647200E+00  0.000000E+00     3  9.114882E+00 -2.549079E+01  8.227589E+00 -3.922736E+00
  4.647200E+00  0.000000E+00     4  0.000000E+00 -1.800000E+02 -0.000000E+00 -0.000000E+00
  4.647200E+00  0.000000E+00     5  4.679646E+01  1.777787E+02 -4.676129E+01  1.813794E+00
  4.647200E+00  0.000000E+00     6  0.000000E+00 -1.800000E+02 -0.000000E+00 -0.000000E+00
  4.710000E+00  0.000000E+00     1  2.308855E+01 -1.318146E+02 -1.539366E+01 -1.720804E+01
  4.710000E+00  0.000000E+00     2  0.000000E+00 -1.800000E+02 -0.000000E+00 -0.000000E+00
  4.710000E+00  0.000000E+00     3  2.885325E+00  1.409631E+02 -2.241150E+00  1.817236E+00
  4.710000E+00  0.000000E+00     4  0.000000E+00 -1.800000E+02 -0.000000E+00 -0.000000E+00
  4.710000E+00  0.000000E+00     5  5.874780E+01  1.052712E+02 -1.547349E+01  5.667341E+01
  4.710000E+00  0.000000E+00     6  0.000000E+00 -1.800000E+02 -0.000000E+00 -0.000000E+00
  4.772800E+00  0.000000E+00     1  3.027252E+01 -8.003598E+01  5.238046E+00 -2.981591E+01
  4.772800E+00  0.000000E+00     2  0.000000E+00 -1.800000E+02 -0.000000E+00 -0.000000E+00
  4.772800E+00  0.000000E+00     3  4.419900E+00 -7.473207E+01  1.163906E+00 -4.263899E+00
  4.772800E+00  0.000000E+00     4  0.000000E+00 -1.800000E+02 -0.000000E+00 -0.000000E+00
  4.772800E+00  0.000000E+00     5  6.756904E+01  6.561829E+01  2.789343E+01  6.154292E+01
  4.772800E+00  0.000000E+00     6  0.000000E+00 -1.800000E+02 -0.000000E+00 -0.000000E+00
  4.835600E+00  0.000000E+00     1  3.023674E+01 -1.286156E+02 -1.887052E+01 -2.362549E+01
  4.835600E+00  0.000000E+00     2  0.000000E+00 -1.800000E+02 -0.000000E+00 -0.000000E+00
  4.835600E+00  0.000000E+00     3  2.083500E+00 -1.508941E+02 -1.820399E+00 -1.013469E+00
  4.835600E+00  0.000000E+00     4  0.000000E+00 -1.800000E+02 -0.000000E+00 -0.000000E+00
  4.835600E+00  0.000000E+00     5  6.167318E+01  1.704470E+02 -6.081793E+01  1.023525E+01
  4.835600E+00  0.000000E+00     6  0.000000E+00 -1.800000E+02 -0.000000E+00 -0.000000E+00
  4.898400E+00  0.000000E+00     1  2.005734E+01  1.514077E+02 -1.761130E+01  9.598909E+00
  4.898400E+00  0.000000E+00     2  0.000000E+00 -1.800000E+02 -0.000000E+00 -0.000000E+00
  4.898400E+00  0.000000E+00     3  7.157448E+00 -2.414518E+01  6.531257E+00 -2.927755E+00
  4.898400E+00  0.000000E+00     4  0.000000E+00 -1.800000E+02 -0.000000E+00 -0.000000E+00
  4.898400E+00  0.000000E+00     5  7.436899E+01 -1.239358E+01  7.263592E+01 -1.596152E+01
  4.898400E+00  0.000000E+00     6  0.000000E+00 -1.800000E+02 -0.000000E+00 -0.000000E+00
  4.961200E+00  0.000000E+00     1  1.484718E+01 -1.778367E+02 -1.483660E+01 -5.604352E-01
  4.961200E+00  0.000000E+00     2  0.000000E+00 -1.800000E+02 -0.000000E+00 -0.000000E+00
  4.961200E+00  0.000000E+00     3  4.469147E+01 -1.167750E+02 -2.013294E+01 -3.989977E+01
  4.961200E+00  0.000000E+00     4  0.000000E+00 -1.800000E+02 -0.000000E+00 -0.000000E+00
  4.961200E+00  0.000000E+00     5  6.014083E+01  1.218038E+02 -3.169499E+01  5.111113E+01
  4.961200E+00  0.000000E+00     6  0.000000E+00 -1.800000E+02 -0.000000E+00 -0.000000E+00
  5.024000E+00  0.000000E+00     1  6.452833E+01  7.266746E+01  1.922409E+01  6.159821E+01
  5.024000E+00  0.000000E+00     2  0.000000E+00 -1.800000E+02 -0.000000E+00 -0.000000E+00
  5.024000E+00  0.000000E+00     3  1.355669E+00 -5.059308E+01  8.606107E-01 -1.047467E+00
  5.024000E+00  0.000000E+00     4  0.000000E+00 -1.800000E+02 -0.000000E+00 -0.000000E+00
  5.024000E+00  0.000000E+00     5  1.200128E+02  1.176885E+02 -5.576565E+01  1.062698E+02
  5.024000E+00  0.000000E+00     6  0.000000E+00 -1.800000E+02 -0.000000E+00 -0.000000E+00
  5.086800E+00  0.000000E+00     1  3.852653E+01  7.161304E+01  1.215254E+01  3.655966E+01
  5.086800E+00  0.000000E+00     2  0.000000E+00 -1.800000E+02 -0.000000E+00 -0.000000E+00
  5.086800E+00  0.000000E+00     3  1.150124E+01  4.184938E+01  8.567290E+00  7.673339E+00
  5.086800E+00  0.000000E+00     4  0.000000E+00 -1.800000E+02 -0.000000E+00 -0.000000E+00
  5.086800E+00  0.000000E+00     5  7.947786E+01 -1.549804E+02 -7.201990E+01 -3.361346E+01
  5.086800E+00  0.000000E+00     6  0.000000E+00 -1.800000E+02 -0.000000E+00 -0.000000E+00
  5.149600E+00  0.000000E+00     1  2.200550E+01  1.405380E+02 -1.698926E+01  1.398596E+01
  5.149600E+00  0.000000E+00     2  0.000000E+00 -1.800000E+02 -0.000000E+00 -0.000000E+00
  5.149600E+00  0.000000E+00     3  2.328179E+01  1.189665E+02 -1.127532E+01  2.036931E+01
  5.149600E+00  0.000000E+00     4  0.000000E+00 -1.800000E+02 -0.000000E+00 -0.000000E+00
  5.149600E+00  0.000000E+00     5  7.887570E+01 -6.545468E+00  7.836157E+01 -8.991172E+00
  5.149600E+00  0.000000E+00     6  0.000000E+00 -1.800000E+02 -0.000000E+00 -0.000000E+00
  5.212400E+00  0.000000E+00     1  7.101916E+01  6.828608E+01  2.627513E+01  6.597984E+01
  5.212400E+00  0.000000E+00     2  0.000000E+00 -1.800000E+02 -0.000000E+00 -0.000000E+00
  5.212400E+00  0.000000E+00     3  9.172043E+00  2.043970E+01  8.594573E+00  3.203074E+00
  5.212400E+00  0.000000E+00     4  0.000000E+00 -1.800000E+02 -0.000000E+00 -0.000000E+00
  5.212400E+00  0.000000E+00     5  2.506974E+02 -3.261838E+01  2.111573E+02 -1.351362E+02
  5.212400E+00  0.000000E+00     6  0.000000E+00 -1.800000E+02 -0.000000E+00 -0.000000E+00
  5.275200E+00  0.000000E+00     1  2.488750E+01 -7.213824E+01  7.633530E+00 -2.368791E+01
  5.275200E+00  0.000000E+00     2  0.000000E+00 -1.800000E+02 -0.000000E+00 -0.000000E+00
  5.275200E+00  0.000000E+00     3  6.457158E+01  1.102824E+02 -2.238358E+01  6.056785E+01
  5.275200E+00  0.000000E+00     4  0.000000E+00 -1.800000E+02 -0.000000E+00 -0.000000E+00
  5.275200E+00  0.000000E+00     5  9.793644E+01  6.248377E+01  4.524662E+01  8.685787E+01
  5.275200E+00  0.000000E+00     6  0.000000E+00 -1.800000E+02 -0.000000E+00 -0.000000E+00
  5.338000E+00  0.000000E+00     1  6.382811E+01  3.011701E+01  5.521147E+01  3.202688E+01
  5.338000E+00  0.000000E+00     2  0.000000E+00 -1.800000E+02 -0.000000E+00 -0.000000E+00
  5.338000E+00  0.000000E+00     3  6.070638E+00  9.526387E+01 -5.569363E-01  6.045037E+00
  5.338000E+00  0.000000E+00     4  0.000000E+00 -1.800000E+02 -0.000000E+00 -0.000000E+00
  5.338000E+00  0.000000E+00     5  2.475534E+02  1.080238E+02 -7.659582E+01  2.354056E+02
  5.338000E+00  0.000000E+00     6  0.000000E+00 -1.800000E+02 -0.000000E+00 -0.000000E+00
  5.400800E+00  0.000000E+00     1  1.670253E+01 -3.233415E+01  1.411269E+01 -8.933448E+00
  5.400800E+00  0.000000E+00     2  0.000000E+00 -1.800000E+02 -0.000000E+00 -0.000000E+00
  5.400800E+00  0.000000E+00     3  3.503874E+00  7.543443E+01  8.811813E-01  3.391261E+00
  5.400800E+00  0.000000E+00     4  0.000000E+00 -1.800000E+02 -0.000000E+00 -0.000000E+00
  5.400800E+00  0.000000E+00     5  1.372107E+02 -2.366701E+01  1.256704E+02 -5.507918E+01
  5.400800E+00  0.000000E+00     6  0.000000E+00 -1.800000E+02 -0.000000E+00 -0.000000E+00
  5.463600E+00  0.000000E+00     1  5.047111E+01 -8.495740E+01  4.436230E+00 -5.027576E+01
  5.463600E+00  0.000000E+00     2  0.000000E+00 -1.800000E+02 -0.000000E+00 -0.000000E+00
  5.463600E+00  0.000000E+00     3  9.162759E+00  1.312712E+02 -6.043974E+00  6.886693E+00
  5.463600E+00  0.000000E+00     4  0.000000E+00 -1.800000E+02 -0.000000E+00 -0.000000E+00
  5.463600E+00  0.000000E+00     5  5.664282E+01  1.751549E+02 -5.644042E+01  4.784151E+00
  5.463600E+00  0.000000E+00     6  0.000000E+00 -1.800000E+02 -0.000000E+00 -0.000000E+00
  5.526400E+00  0.000000E+00     1  1.059551E+02 -1.555457E+02 -9.645009E+01 -4.386195E+01
  5.526400E+00  0.000000E+00     2  0.000000E+00 -1.800000E+02 -0.000000E+00 -0.000000E+00
  5.526400E+00  0.000000E+00     3  4.985588E+01 -2.730884E+01  4.429927E+01 -2.287321E+01
  5.526400E+00  0.000000E+00     4  0.000000E+00 -1.800000E+02 -0.000000E+00 -0.000000E+00
  5.526400E+00  0.000000E+00     5  3.579153E+02 -3.812754E+01  2.815499E+02 -2.209820E+02
  5.526400E+00  0.000000E+00     6  0.000000E+00 -1.800000E+02 -0.000000E+00 -0.000000E+00
  5.589200E+00  0.000000E+00     1  5.625252E+01  1.591728E+02 -5.257683E+01  2.000059E+01
  5.589200E+00  0.000000E+00     2  0.000000E+00 -1.800000E+02 -0.000000E+00 -0.000000E+00
  5.589200E+00  0.000000E+00     3  4.764130E+01 -4.535242E+01  3.347965E+01 -3.389406E+01
  5.589200E+00  0.000000E+00     4  0.000000E+00 -1.800000E+02 -0.000000E+00 -0.000000E+00
  5.589200E+00  0.000000E+00     5  1.525856E+02  2.031116E+01  1.430980E+02  5.296525E+01
  5.589200E+00  0.000000E+00     6  0.000000E+00 -1.800000E+02 -0.000000E+00 -0.000000E+00
  5.652000E+00  0.000000E+00     1  1.973780E+00 -1.776359E+02 -1.972100E+00 -8.141762E-02
  5.652000E+00  0.000000E+00     2  0.000000E+00 -1.800000E+02 -0.000000E+00 -0.000000E+00
  5.652000E+00  0.000000E+00     3  7.942742E+00  1.042569E+02 -1.956053E+00  7.698117E+00
  5.652000E+00  0.000000E+00     4  0.000000E+00 -1.800000E+02 -0.000000E+00 -0.000000E+00
  5.652000E+00  0.000000E+00     5  8.200490E+01  1.483993E+02 -6.984525E+01  4.297028E+01
  5.652000E+00  0.000000E+00     6  0.000000E+00 -1.800000E+02 -0.000000E+00 -0.000000E+00
  5.714800E+00  0.000000E+00     1  8.243037E+01  1.550186E+02 -7.471862E+01  3.481228E+01
  5.714800E+00  0.000000E+00     2  0.000000E+00 -1.800000E+02 -0.000000E+00 -0.000000E+00
  5.714800E+00  0.000000E+00     3  1.126945E+01 -4.963093E+01  7.299324E+00 -8.586063E+00
  5.714800E+00  0.000000E+00     4  0.000000E+00 -1.800000E+02 -0.000000E+00 -0.000000E+00
  5.714800E+00  0.000000E+00     5  2.512075E+02 -1.062480E+02 -7.028688E+01 -2.411741E+02
  5.714800E+00  0.000000E+00     6  0.000000E+00 -1.800000E+02 -0.000000E+00 -0.000000E+00
  5.777600E+00  0.000000E+00     1  1.183730E+01  8.951159E+01  1.009050E-01  1.183687E+01
  5.777600E+00  0.000000E+00     2  0.000000E+00 -1.800000E+02 -0.000000E+00 -0.000000E+00
  5.777600E+00  0.000000E+00     3  2.142769E+01  9.417565E+01 -1.560244E+00  2.137081E+01
  5.777600E+00  0.000000E+00     4  0.000000E+00 -1.800000E+02 -0.000000E+00 -0.000000E+00
  5.777600E+00  0.000000E+00     5  9.576045E+01  1.333649E+02 -6.575318E+01  6.961741E+01
  5.777600E+00  0.000000E+00     6  0.000000E+00 -1.800000E+02 -0.000000E+00 -0.000000E+00
  5.840400E+00  0.000000E+00     1  4.632915E+01  5.487060E+01  2.665895E+01  3.789051E+01
  5.840400E+00  0.000000E+00     2  0.000000E+00 -1.800000E+02 -0.000000E+00 -0.000000E+00
  5.840400E+00  0.000000E+00     3  6.220995E+01 -1.294848E+02 -3.955764E+01 -4.801324E+01
  5.840400E+00  0.000000E+00     4  0.000000E+00 -1.800000E+02 -0.000000E+00 -0.000000E+00
  5.840400E+00  0.000000E+00     5  9.129372E+01 -8.693035E+01  4.888772E+00 -9.116273E+01
  5.840400E+00  0.000000E+00     6  0.000000E+00 -1.800000E+02 -0.000000E+00 -0.000000E+00
  5.903200E+00  0.000000E+00     1  9.036526E+01 -8.555264E+01  7.007208E+00 -9.009317E+01
  5.903200E+00  0.000000E+00     2  0.000000E+00 -1.800000E+02 -0.000000E+00 -0.000000E+00
  5.903200E+00  0.000000E+00     3  6.618811E+00 -8.133215E+01  9.974953E-01 -6.543215E+00
  5.903200E+00  0.000000E+00     4  0.000000E+00 -1.800000E+02 -0.000000E+00 -0.000000E+00
  5.903200E+00  0.000000E+00     5  4.278925E+02 -1.690222E+02 -4.200626E+02 -8.148262E+01
  5.903200E+00  0.000000E+00     6  0.000000E+00 -1.800000E+02 -0.000000E+00 -0.000000E+00
  5.966000E+00  0.000000E+00     1  6.677307E+01 -2.178408E+01  6.200474E+01 -2.478014E+01
  5.966000E+00  0.000000E+00     2  0.000000E+00 -1.800000E+02 -0.000000E+00 -0.000000E+00
  5.966000E+00  0.000000E+00     3  2.491072E+01  1.250663E+02 -1.431181E+01  2.038911E+01
  5.966000E+00  0.000000E+00     4  0.000000E+00 -1.800000E+02 -0.000000E+00 -0.000000E+00
  5.966000E+00  0.000000E+00     5  7.303869E+01  1.007733E+02 -1.365264E+01  7.175134E+01
  5.966000E+00  0.000000E+00     6  0.000000E+00 -1.800000E+02 -0.000000E+00 -0.000000E+00
  6.028800E+00  0.000000E+00     1  5.357031E+01 -1.426926E+02 -4.260956E+01 -3.246850E+01
  6.028800E+00  0.000000E+00     2  0.000000E+00 -1.800000E+02 -0.000000E+00 -0.000000E+00
  6.028800E+00  0.000000E+00     3  9.606896E+00  1.777324E+02 -9.599373E+00  3.801208E-01
  6.028800E+00  0.000000E+00     4  0.000000E+00 -1.800000E+02 -0.000000E+00 -0.000000E+00
  6.028800E+00  0.000000E+00     5  1.796567E+02 -1.359530E+02 -1.291317E+02 -1.249060E+02
  6.028800E+00  0.000000E+00     6  0.000000E+00 -1.800000E+02 -0.000000E+00 -0.000000E+00
  6.091600E+00  0.000000E+00     1  1.188491E+02 -1.013136E+02 -2.331560E+01 -1.165396E+02
  6.091600E+00  0.000000E+00     2  0.000000E+00 -1.800000E+02 -0.000000E+00 -0.000000E+00
  6.091600E+00  0.000000E+00     3  2.254747E+01  9.045852E+01 -1.804391E-01  2.254674E+01
  6.091600E+00  0.000000E+00     4  0.000000E+00 -1.800000E+02 -0.000000E+00 -0.000000E+00
  6.091600E+00  0.000000E+00     5  3.956738E+01  7.506692E+01  1.019615E+01  3.823109E+01
  6.091600E+00  0.000000E+00     6  0.000000E+00 -1.800000E+02 -0.000000E+00 -0.000000E+00
  6.154400E+00  0.000000E+00     1  1.464118E+02  1.310309E+02 -9.611427E+01  1.104466E+02
  6.154400E+00  0.000000E+00     2  0.000000E+00 -1.800000E+02 -0.000000E+00 -0.000000E+00
  6.154400E+00  0.000000E+00     3  1.005116E+01  1.278666E+01  9.801901E+00  2.224538E+00
  6.154400E+00  0.000000E+00     4  0.000000E+00 -1.800000E+02 -0.000000E+00 -0.000000E+00
  6.154400E+00  0.000000E+00     5  2.528718E+02 -1.519756E+02 -2.232219E+02 -1.188113E+02
  6.154400E+00  0.000000E+00     6  0.000000E+00 -1.800000E+02 -0.000000E+00 -0.000000E+00
  6.217200E+00  0.000000E+00     1  1.057733E+02 -1.373977E+02 -7.785659E+01 -7.159847E+01
  6.217200E+00  0.000000E+00     2  0.000000E+00 -1.800000E+02 -0.000000E+00 -0.000000E+00
  6.217200E+00  0.000000E+00     3  8.268366E+01 -2.989618E+01  7.168095E+01 -4.121201E+01
  6.217200E+00  0.000000E+00     4  0.000000E+00 -1.800000E+02 -0.000000E+00 -0.000000E+00
  6.217200E+00  0.000000E+00     5  1.750186E+02 -1.451714E+02 -1.436664E+02 -9.995730E+01
  6.217200E+00  0.000000E+00     6  0.000000E+00 -1.800000E+02 -0.000000E+00 -0.000000E+00
  6.280000E+00  0.000000E+00     1  1.353597E+02  1.403434E+02 -1.042113E+02  8.638445E+01
  6.280000E+00  0.000000E+00     2  0.000000E+00 -1.800000E+02 -0.000000E+00 -0.000000E+00
  6.280000E+00  0.000000E+00     3  1.166220E+01 -1.027081E+02 -2.565493E+00 -1.137652E+01
  6.280000E+00  0.000000E+00     4  0.000000E+00 -1.800000E+02 -0.000000E+00 -0.000000E+00
  6.280000E+00  0.000000E+00     5  1.171200E+02 -1.520174E+02 -1.034275E+02 -5.495313E+01
  6.280000E+00  0.000000E+00     6  0.000000E+00 -1.800000E+02 -0.000000E+00 -0.000000E+00