 6.180000E-02     0.000000E+00       1     2.887943E+01     8.865163E+01     6.795705E-01    -2.887143E+01 
 6.180000E-02     0.000000E+00       2     2.157120E-01     1.056639E+00     2.156753E-01    -3.977900E-03 
 6.180000E-02     0.000000E+00       3     2.961925E+02    -5.061709E-01     2.961809E+02     2.616634E+00 
 6.180000E-02     0.000000E+00       4     1.055994E+00    -5.249050E+00     1.051565E+00     9.660768E-02 
 6.180000E-02     0.000000E+00       5     1.930403E+03     1.789844E+02    -1.930100E+03    -3.421562E+01 
 6.180000E-02     0.000000E+00       6     2.761308E+00     2.733755E+00     2.758166E+00    -1.317004E-01 
 1.382775E-01     0.000000E+00       1     6.680883E+01     8.875859E+01     1.447409E+00    -6.679315E+01 
 1.382775E-01     0.000000E+00       2     2.177061E-01     2.318967E+00     2.175278E-01    -8.808946E-03 
 1.382775E-01     0.000000E+00       3     2.586548E+02    -1.107162E+00     2.586065E+02     4.997839E+00 
 1.382775E-01     0.000000E+00       4     1.057159E+00    -1.287097E+01     1.030597E+00     2.354886E-01 
 1.382775E-01     0.000000E+00       5     1.582748E+03     1.790851E+02    -1.582546E+03    -2.527241E+01 
 1.382775E-01     0.000000E+00       6     2.894876E+00     5.357999E+00     2.882227E+00    -2.703191E-01 
 2.147550E-01     0.000000E+00       1     1.106350E+02     8.835110E+01     3.183488E+00    -1.105892E+02 
 2.147550E-01     0.000000E+00       2     2.211541E-01     3.403493E+00     2.207640E-01    -1.312930E-02 
 2.147550E-01     0.000000E+00       3     1.942050E+02    -1.572824E+00     1.941318E+02     5.330443E+00 
 2.147550E-01     0.000000E+00       4     1.087049E+00    -2.324066E+01     9.988411E-01     4.289431E-01 
 2.147550E-01     0.000000E+00       5     9.827463E+02    -1.730428E+02    -9.755103E+02     1.190373E+02 
 2.147550E-01     0.000000E+00       6     3.119687E+00     6.210985E+00     3.101376E+00    -3.375188E-01 
 2.912325E-01     0.000000E+00       1     1.649618E+02     8.764621E+01     6.774962E+00    -1.648226E+02 
 2.912325E-01     0.000000E+00       2     2.254354E-01     3.900568E+00     2.249132E-01    -1.533528E-02 
 2.912325E-01     0.000000E+00       3     1.073791E+02    -9.190099E-01     1.073653E+02     1.722260E+00 
 2.912325E-01     0.000000E+00       4     1.216329E+00    -3.737705E+01     9.665655E-01     7.383819E-01 
 2.912325E-01     0.000000E+00       5     5.482053E+02    -1.039530E+02    -1.321869E+02     5.320297E+02 
 2.912325E-01     0.000000E+00       6     3.413621E+00     3.888683E+00     3.405762E+00    -2.315058E-01 
 3.677100E-01     0.000000E+00       1     2.294662E+02     8.669599E+01     1.322504E+01    -2.290848E+02 
 3.677100E-01     0.000000E+00       2     2.267346E-01     2.503325E+00     2.265183E-01    -9.903170E-03 
 3.677100E-01     0.000000E+00       3     1.217827E+01     4.980520E+01     7.859712E+00    -9.302427E+00 
 3.677100E-01     0.000000E+00       4     1.562501E+00    -5.339966E+01     9.316096E-01     1.254398E+00 
 3.677100E-01     0.000000E+00       5     1.647010E+03    -5.846746E+01     8.613578E+02     1.403818E+03 
 3.677100E-01     0.000000E+00       6     3.723234E+00    -4.336673E+00     3.712574E+00     2.815397E-01 
 4.441875E-01     0.000000E+00       1     2.907039E+02     8.598712E+01     2.034365E+01    -2.899912E+02 
 4.441875E-01     0.000000E+00       2     2.139880E-01    -3.467381E+00     2.135963E-01     1.294205E-02 
 4.441875E-01     0.000000E+00       3     9.628035E+01     1.596963E+02    -9.029809E+01    -3.340898E+01 
 4.441875E-01     0.000000E+00       4     2.226187E+00    -6.828599E+01     8.236309E-01     2.068221E+00 
 4.441875E-01     0.000000E+00       5     3.386386E+03    -5.821218E+01     1.783864E+03     2.878444E+03 
 4.441875E-01     0.000000E+00       6     4.065870E+00    -2.265413E+01     3.752175E+00     1.566041E+00 
 5.206650E-01     0.000000E+00       1     3.321647E+02     8.646075E+01     2.050527E+01    -3.315311E+02 
 5.206650E-01     0.000000E+00       2     1.672900E-01    -1.932683E+01     1.578626E-01     5.536569E-02 
 5.206650E-01     0.000000E+00       3     1.828154E+02     1.559021E+02    -1.668829E+02    -7.464293E+01 
 5.206650E-01     0.000000E+00       4     3.223046E+00    -8.295679E+01     3.952026E-01     3.198724E+00 
 5.206650E-01     0.000000E+00       5     5.409477E+03    -6.538765E+01     2.252921E+03     4.918006E+03 
 5.206650E-01     0.000000E+00       6     4.819486E+00    -5.281431E+01     2.912898E+00     3.839593E+00 
 5.971425E-01     0.000000E+00       1     3.445994E+02     8.907459E+01     5.565554E+00    -3.445544E+02 
 5.971425E-01     0.000000E+00       2     9.290908E-02    -7.111440E+01     3.007277E-02     8.790748E-02 
 5.971425E-01     0.000000E+00       3     2.281605E+02     1.479985E+02    -1.934880E+02    -1.209116E+02 
 5.971425E-01     0.000000E+00       4     4.432133E+00    -1.001885E+02    -7.839873E-01     4.362243E+00 
 5.971425E-01     0.000000E+00       5     7.339103E+03    -7.619144E+01     1.751687E+03     7.126993E+03 
 5.971425E-01     0.000000E+00       6     6.793514E+00    -8.780498E+01     2.601977E-01     6.788529E+00 
 6.736200E-01     0.000000E+00       1     3.202370E+02     9.623493E+01    -3.477944E+01    -3.183428E+02 
 6.736200E-01     0.000000E+00       2     1.672864E-01    -1.618930E+02    -1.590020E-01     5.199148E-02 
 6.736200E-01     0.000000E+00       3     2.109944E+02     1.412432E+02    -1.645357E+02    -1.320857E+02 
 6.736200E-01     0.000000E+00       4     5.406417E+00    -1.217104E+02    -2.841752E+00     4.599326E+00 
 6.736200E-01     0.000000E+00       5     8.479227E+03    -8.975240E+01     3.664178E+01     8.479148E+03 
 6.736200E-01     0.000000E+00       6     1.036754E+01    -1.191851E+02    -5.055552E+00     9.051364E+00 
 7.500975E-01     0.000000E+00       1     2.921928E+02     1.183086E+02    -1.385639E+02    -2.572483E+02 
 7.500975E-01     0.000000E+00       2     3.460484E-01     1.712595E+02    -3.420296E-01    -5.258558E-02 
 7.500975E-01     0.000000E+00       3     1.545008E+02     1.437889E+02    -1.246582E+02    -9.127327E+01 
 7.500975E-01     0.000000E+00       4     5.455436E+00    -1.445903E+02    -4.446341E+00     3.160986E+00 
 7.500975E-01     0.000000E+00       5     8.058042E+03    -1.045720E+02    -2.027374E+03     7.798833E+03 
 7.500975E-01     0.000000E+00       6     1.526278E+01    -1.498520E+02    -1.319820E+01     7.665506E+00 
 8.265750E-01     0.000000E+00       1     4.160380E+02     1.413297E+02    -3.248233E+02    -2.599566E+02 
 8.265750E-01     0.000000E+00       2     5.932744E-01     1.591483E+02    -5.544178E-01    -2.111762E-01 
 8.265750E-01     0.000000E+00       3     1.021213E+02     1.601418E+02    -9.604871E+01    -3.468999E+01 
 8.265750E-01     0.000000E+00       4     5.131973E+00    -1.578195E+02    -4.752203E+00     1.937452E+00 
 8.265750E-01     0.000000E+00       5     5.832397E+03    -1.159452E+02    -2.551741E+03     5.244566E+03 
 8.265750E-01     0.000000E+00       6     1.883968E+01     1.701659E+02    -1.856286E+01    -3.217743E+00 
 9.030525E-01     0.000000E+00       1     5.680393E+02     1.358763E+02    -4.077604E+02    -3.954745E+02 
 9.030525E-01     0.000000E+00       2     7.976563E-01     1.367724E+02    -5.812029E-01    -5.463137E-01 
 9.030525E-01     0.000000E+00       3     7.496137E+01    -1.559584E+02    -6.845846E+01     3.053926E+01 
 9.030525E-01     0.000000E+00       4     5.974567E+00     1.796647E+02    -5.974464E+00    -3.496798E-02 
 9.030525E-01     0.000000E+00       5     3.433751E+03    -1.081818E+02    -1.071447E+03     3.262308E+03 
 9.030525E-01     0.000000E+00       6     1.622437E+01     1.210516E+02    -8.368699E+00    -1.389947E+01 
 9.795300E-01     0.000000E+00       1     5.177534E+02     1.245921E+02    -2.939442E+02    -4.262223E+02 
 9.795300E-01     0.000000E+00       2     6.217317E-01     1.290875E+02    -3.920055E-01    -4.825785E-01 
 9.795300E-01     0.000000E+00       3     1.278011E+02    -1.243886E+02    -7.218233E+01     1.054648E+02 
 9.795300E-01     0.000000E+00       4     4.135617E+00     1.419640E+02    -3.257310E+00    -2.548187E+00 
 9.795300E-01     0.000000E+00       5     2.145639E+03    -8.644018E+01     1.332239E+02     2.141499E+03 
 9.795300E-01     0.000000E+00       6     1.531970E+01     6.142372E+01     7.327847E+00    -1.345347E+01 
 1.056007E+00     0.000000E+00       1     3.636364E+02     1.298635E+02    -2.330767E+02    -2.791176E+02 
 1.056007E+00     0.000000E+00       2     7.183585E-01     1.497711E+02    -6.206767E-01    -3.616619E-01 
 1.056007E+00     0.000000E+00       3     1.646154E+02    -1.393251E+02    -1.248475E+02     1.072908E+02 
 1.056007E+00     0.000000E+00       4     2.960000E+00    -1.752717E+02    -2.949926E+00     2.439929E-01 
 1.056007E+00     0.000000E+00       5     2.287686E+03    -3.657360E+01     1.837223E+03     1.363129E+03 
 1.056007E+00     0.000000E+00       6     1.785212E+01    -1.522857E+01     1.722525E+01     4.689222E+00 
 1.132485E+00     0.000000E+00       1     2.780816E+02     1.386857E+02    -2.088668E+02    -1.835866E+02 
 1.132485E+00     0.000000E+00       2     7.812611E-01     1.484853E+02    -6.660299E-01    -4.083785E-01 
 1.132485E+00     0.000000E+00       3     1.038017E+02    -1.508822E+02    -9.068337E+01     5.051058E+01 
 1.132485E+00     0.000000E+00       4     4.881148E+00     1.689742E+02    -4.791047E+00    -9.335234E-01 
 1.132485E+00     0.000000E+00       5     2.783316E+03    -3.920543E+01     2.156749E+03     1.759342E+03 
 1.132485E+00     0.000000E+00       6     1.561977E+01    -3.495004E+01     1.280278E+01     8.947973E+00 
 1.208963E+00     0.000000E+00       1     1.529619E+02    -1.739042E+02    -1.520970E+02     1.624320E+01 
 1.208963E+00     0.000000E+00       2     1.057900E+00    -1.746889E+02    -1.053358E+00     9.792378E-02 
 1.208963E+00     0.000000E+00       3     6.873114E+01    -1.195929E+02    -3.394176E+01     5.976560E+01 
 1.208963E+00     0.000000E+00       4     5.332885E+00     1.773189E+02    -5.327047E+00    -2.494593E-01 
 1.208963E+00     0.000000E+00       5     2.052979E+03    -3.729632E+01     1.633170E+03     1.243977E+03 
 1.208963E+00     0.000000E+00       6     2.815594E+01    -6.882716E+01     1.016944E+01     2.625528E+01 
 1.285440E+00     0.000000E+00       1     2.391324E+02    -1.664372E+02    -2.324638E+02     5.607934E+01 
 1.285440E+00     0.000000E+00       2     1.580116E+00     1.397778E+02    -1.206491E+00    -1.020366E+00 
 1.285440E+00     0.000000E+00       3     5.701970E+01    -1.153662E+02    -2.442737E+01     5.152232E+01 
 1.285440E+00     0.000000E+00       4     5.980794E+00     1.379565E+02    -4.441559E+00    -4.005304E+00 
 1.285440E+00     0.000000E+00       5     1.418358E+03    -2.249317E+01     1.310457E+03     5.426262E+02 
 1.285440E+00     0.000000E+00       6     1.983346E+01    -7.094859E+01     6.473968E+00     1.874711E+01 
 1.361918E+00     0.000000E+00       1     1.932423E+02    -1.555930E+02    -1.759729E+02     7.985061E+01 
 1.361918E+00     0.000000E+00       2     7.066402E-01     1.454948E+02    -5.823245E-01    -4.002981E-01 
 1.361918E+00     0.000000E+00       3     4.250756E+01    -8.923432E+01     5.680357E-01     4.250376E+01 
 1.361918E+00     0.000000E+00       4     2.776757E+00     1.596864E+02    -2.604061E+00    -9.639757E-01 
 1.361918E+00     0.000000E+00       5     1.031209E+03    -3.103192E+00     1.029697E+03     5.582393E+01 
 1.361918E+00     0.000000E+00       6     9.310044E+00    -1.372022E+02    -6.831295E+00     6.325371E+00 
 1.438395E+00     0.000000E+00       1     8.719970E+01    -1.614636E+02    -8.267596E+01     2.772135E+01 
 1.438395E+00     0.000000E+00       2     1.011846E+00     1.254009E+02    -5.861557E-01    -8.247749E-01 
 1.438395E+00     0.000000E+00       3     4.169947E+01    -8.501919E+01     3.620433E+00     4.154201E+01 
 1.438395E+00     0.000000E+00       4     2.097073E+00     1.358388E+02    -1.504402E+00    -1.460989E+00 
 1.438395E+00     0.000000E+00       5     5.474511E+02     8.201465E-01     5.473950E+02    -7.836089E+00 
 1.438395E+00     0.000000E+00       6     1.506227E+01    -1.479393E+01     1.456297E+01     3.846051E+00 
 1.514873E+00     0.000000E+00       1     1.248114E+02    -3.794215E+01     9.843022E+01     7.674220E+01 
 1.514873E+00     0.000000E+00       2     2.335112E-01     7.186518E+01     7.268129E-02    -2.219119E-01 
 1.514873E+00     0.000000E+00       3     2.774276E+01    -8.202878E+01     3.847247E+00     2.747471E+01 
 1.514873E+00     0.000000E+00       4     1.673159E+00    -6.986757E+01     5.758868E-01     1.570929E+00 
 1.514873E+00     0.000000E+00       5     3.625626E+02     1.034660E+02    -8.442925E+01    -3.525951E+02 
 1.514873E+00     0.000000E+00       6     2.537691E+01    -2.897560E+01     2.220039E+01     1.229352E+01 
 1.591350E+00     0.000000E+00       1     1.752580E+02    -5.584092E+01     9.840604E+01     1.450228E+02 
 1.591350E+00     0.000000E+00       2     3.923560E-01    -3.051522E+01     3.380125E-01     1.992255E-01 
 1.591350E+00     0.000000E+00       3     1.933841E+01    -7.271263E+01     5.746687E+00     1.846482E+01 
 1.591350E+00     0.000000E+00       4     3.513871E+00    -8.447925E+01     3.380560E-01     3.497572E+00 
 1.591350E+00     0.000000E+00       5     5.294798E+02     1.019932E+02    -1.100240E+02    -5.179224E+02 
 1.591350E+00     0.000000E+00       6     1.950999E+01    -6.189741E+01     9.190215E+00     1.720987E+01 
 1.667828E+00     0.000000E+00       1     1.177112E+02    -3.969985E+01     9.056716E+01     7.518992E+01 
 1.667828E+00     0.000000E+00       2     4.398060E-01    -7.982245E+01     7.771332E-02     4.328856E-01 
 1.667828E+00     0.000000E+00       3     1.110386E+01    -6.728359E+01     4.287980E+00     1.024250E+01 
 1.667828E+00     0.000000E+00       4     2.273890E+00    -6.905777E+01     8.127481E-01     2.123679E+00 
 1.667828E+00     0.000000E+00       5     2.888133E+02     1.259347E+02    -1.694936E+02    -2.338483E+02 
 1.667828E+00     0.000000E+00       6     1.283881E+01    -9.901893E+01    -2.012621E+00     1.268008E+01 
 1.744305E+00     0.000000E+00       1     7.252145E+01     1.331034E+00     7.250188E+01    -1.684589E+00 
 1.744305E+00     0.000000E+00       2     5.446455E-01    -1.009553E+02    -1.035057E-01     5.347198E-01 
 1.744305E+00     0.000000E+00       3     7.151199E+00    -5.700842E+01     3.893941E+00     5.998073E+00 
 1.744305E+00     0.000000E+00       4     2.555685E+00    -7.836672E+01     5.153461E-01     2.503187E+00 
 1.744305E+00     0.000000E+00       5     1.787986E+02     1.794918E+02    -1.787915E+02    -1.585844E+00 
 1.744305E+00     0.000000E+00       6     9.911296E+00     1.234180E+01     9.682245E+00    -2.118471E+00 
 1.820783E+00     0.000000E+00       1     1.829279E+02     5.303842E+01     1.099907E+02    -1.461665E+02 
 1.820783E+00     0.000000E+00       2     2.021883E-01    -6.633471E+00     2.008347E-01     2.335628E-02 
 1.820783E+00     0.000000E+00       3     3.968056E+00    -5.962162E+01     2.006678E+00     3.423260E+00 
 1.820783E+00     0.000000E+00       4     2.501590E+00     1.468624E+01     2.419859E+00    -6.342170E-01 
 1.820783E+00     0.000000E+00       5     4.936537E+02    -1.275853E+02    -3.011002E+02     3.911939E+02 
 1.820783E+00     0.000000E+00       6     1.941192E+01     3.381586E+01     1.612801E+01    -1.080323E+01 
 1.897260E+00     0.000000E+00       1     1.370269E+02     4.189902E+01     1.019923E+02    -9.150930E+01 
 1.897260E+00     0.000000E+00       2     3.354112E-01     1.858379E+01     3.179224E-01    -1.068926E-01 
 1.897260E+00     0.000000E+00       3     9.886749E-01    -5.776398E+01     5.273673E-01     8.362785E-01 
 1.897260E+00     0.000000E+00       4     2.388669E+00     6.882614E+01     8.627851E-01    -2.227406E+00 
 1.897260E+00     0.000000E+00       5     3.416434E+02    -1.361490E+02    -2.463739E+02     2.366857E+02 
 1.897260E+00     0.000000E+00       6     4.076183E+01    -1.650839E+01     3.908155E+01     1.158271E+01 
 1.973738E+00     0.000000E+00       1     1.114017E+02     7.596008E+01     2.702581E+01    -1.080738E+02 
 1.973738E+00     0.000000E+00       2     1.673964E+00     1.288607E+00     1.673541E+00    -3.764500E-02 
 1.973738E+00     0.000000E+00       3     1.300371E+00    -2.535056E+01     1.175152E+00     5.567608E-01 
 1.973738E+00     0.000000E+00       4     5.867765E+00     2.344982E+01     5.383139E+00    -2.335052E+00 
 1.973738E+00     0.000000E+00       5     2.877678E+02    -1.009755E+02    -5.478786E+01     2.825041E+02 
 1.973738E+00     0.000000E+00       6     8.304810E+00    -4.062732E+01     6.303026E+00     5.407563E+00 
 2.050215E+00     0.000000E+00       1     1.380491E+02     1.178296E+02    -6.444734E+01    -1.220823E+02 
 2.050215E+00     0.000000E+00       2     1.034149E+00    -6.478692E+01     4.405329E-01     9.356257E-01 
 2.050215E+00     0.000000E+00       3     1.025348E+00    -2.571851E+01     9.237740E-01     4.449500E-01 
 2.050215E+00     0.000000E+00       4     9.684683E-01    -2.596929E+01     8.706809E-01     4.240820E-01 
 2.050215E+00     0.000000E+00       5     3.325259E+02    -6.136154E+01     1.593734E+02     2.918451E+02 
 2.050215E+00     0.000000E+00       6     1.277813E+01    -1.006733E+02    -2.366624E+00     1.255706E+01 
 2.126692E+00     0.000000E+00       1     1.258906E+02     1.207918E+02    -6.444598E+01    -1.081442E+02 
 2.126692E+00     0.000000E+00       2     5.898798E-01     1.463675E+02    -4.911379E-01    -3.267135E-01 
 2.126692E+00     0.000000E+00       3     1.022600E+00    -4.042287E+01     7.784845E-01     6.630783E-01 
 2.126692E+00     0.000000E+00       4     2.188293E+00     1.608826E+02    -2.067607E+00    -7.166778E-01 
 2.126692E+00     0.000000E+00       5     2.870345E+02    -5.613873E+01     1.599310E+02     2.383503E+02 
 2.126692E+00     0.000000E+00       6     1.399500E+01     4.796885E+01     9.370137E+00    -1.039522E+01 
 2.203170E+00     0.000000E+00       1     3.633840E+01     1.425113E+02    -2.883354E+01    -2.211574E+01 
 2.203170E+00     0.000000E+00       2     1.745557E-01    -1.722940E+02    -1.729793E-01     2.340631E-02 
 2.203170E+00     0.000000E+00       3     4.230074E-01    -2.153847E+01     3.934694E-01     1.552969E-01 
 2.203170E+00     0.000000E+00       4     3.570590E+00    -1.473323E+02    -3.005778E+00     1.927281E+00 
 2.203170E+00     0.000000E+00       5     8.588470E+01    -3.392447E+01     7.126489E+01     4.793221E+01 
 2.203170E+00     0.000000E+00       6     2.345702E+01     7.030539E+01     7.905175E+00    -2.208484E+01 
 2.279647E+00     0.000000E+00       1     9.633648E+01    -1.622051E+02    -9.172742E+01     2.944141E+01 
 2.279647E+00     0.000000E+00       2     9.823095E-01     1.455307E+02    -8.098451E-01    -5.559523E-01 
 2.279647E+00     0.000000E+00       3     3.058860E-01     2.300124E+01     2.815670E-01    -1.195253E-01 
 2.279647E+00     0.000000E+00       4     4.642206E+00    -1.691419E+02    -4.559095E+00     8.744869E-01 
 2.279647E+00     0.000000E+00       5     1.910229E+02     2.041346E+01     1.790266E+02    -6.662729E+01 
 2.279647E+00     0.000000E+00       6     6.766590E+00    -4.871385E+01     4.464731E+00     5.084576E+00 
 2.356125E+00     0.000000E+00       1     4.610513E+01    -1.548578E+02    -4.173695E+01     1.958852E+01 
 2.356125E+00     0.000000E+00       2     5.753752E-01     1.439996E+02    -4.654862E-01    -3.382000E-01 
 2.356125E+00     0.000000E+00       3     1.682583E-01     5.910269E+01     8.640078E-02    -1.443806E-01 
 2.356125E+00     0.000000E+00       4     3.109363E+00    -1.418078E+02    -2.443776E+00     1.922524E+00 
 2.356125E+00     0.000000E+00       5     9.909462E+01     3.357641E+01     8.256058E+01    -5.480414E+01 
 2.356125E+00     0.000000E+00       6     8.490530E+00     4.127012E+01     6.381552E+00    -5.600437E+00 
 2.432602E+00     0.000000E+00       1     4.292637E+01     1.195811E-01     4.292627E+01    -8.959086E-02 
 2.432602E+00     0.000000E+00       2     5.311128E-01     3.627387E+01     4.281822E-01    -3.142306E-01 
 2.432602E+00     0.000000E+00       3     4.060036E-01     8.715190E+01     2.017361E-02    -4.055021E-01 
 2.432602E+00     0.000000E+00       4     3.470113E+00    -2.616128E+01     3.114622E+00     1.529971E+00 
 2.432602E+00     0.000000E+00       5     7.835429E+01     1.772828E+02    -7.826620E+01    -3.714521E+00 
 2.432602E+00     0.000000E+00       6     1.951022E+01     3.529711E+01     1.592359E+01    -1.127333E+01 
 2.509080E+00     0.000000E+00       1     1.912145E+01    -7.299721E+01     5.591460E+00     1.828566E+01 
 2.509080E+00     0.000000E+00       2     7.113228E-01    -3.085139E+01     6.106708E-01     3.647757E-01 
 2.509080E+00     0.000000E+00       3     2.850889E-01     1.151278E+02    -1.210599E-01    -2.581089E-01 
 2.509080E+00     0.000000E+00       4     3.835776E+00    -1.626270E+01     3.682298E+00     1.074178E+00 
 2.509080E+00     0.000000E+00       5     4.080101E+01     1.230681E+02    -2.226249E+01    -3.419216E+01 
 2.509080E+00     0.000000E+00       6     1.257265E+01     1.545887E+02    -1.135626E+01    -5.395087E+00 
 2.585558E+00     0.000000E+00       1     3.431376E+01     8.660380E+01     2.032754E+00    -3.425349E+01 
 2.585558E+00     0.000000E+00       2     6.416660E-01     4.631858E+01     4.431653E-01    -4.640472E-01 
 2.585558E+00     0.000000E+00       3     3.158716E-01    -1.686436E+02    -3.096873E-01     6.219848E-02 
 2.585558E+00     0.000000E+00       4     3.520703E+00     4.364248E+01     2.547793E+00    -2.429835E+00 
 2.585558E+00     0.000000E+00       5     5.576933E+01    -9.217253E+01    -2.114147E+00     5.572924E+01 
 2.585558E+00     0.000000E+00       6     1.452850E+01     9.455408E+01    -1.153563E+00    -1.448263E+01 
 2.662035E+00     0.000000E+00       1     3.170757E+01     6.056338E+01     1.558302E+01    -2.761412E+01 
 2.662035E+00     0.000000E+00       2     6.943775E-01    -1.335574E+01     6.755978E-01     1.603987E-01 
 2.662035E+00     0.000000E+00       3     1.255791E-01    -7.325568E+01     3.617951E-02     1.202546E-01 
 2.662035E+00     0.000000E+00       4     3.239390E+00     4.935291E+01     2.110132E+00    -2.457842E+00 
 2.662035E+00     0.000000E+00       5     6.085472E+01    -1.140797E+02    -2.482914E+01     5.555908E+01 
 2.662035E+00     0.000000E+00       6     1.209726E+01    -7.788029E+01     2.539879E+00     1.182762E+01 
 2.738513E+00     0.000000E+00       1     4.383933E+01     1.682800E+02    -4.292536E+01    -8.905071E+00 
 2.738513E+00     0.000000E+00       2     9.872723E-01    -8.018123E+01     1.683618E-01     9.728108E-01 
 2.738513E+00     0.000000E+00       3     3.433604E-01    -8.161367E+01     5.007808E-02     3.396889E-01 
 2.738513E+00     0.000000E+00       4     7.410886E-01     1.034889E+02    -1.728641E-01    -7.206457E-01 
 2.738513E+00     0.000000E+00       5     7.128137E+01    -1.179611E+01     6.977600E+01     1.457202E+01 
 2.738513E+00     0.000000E+00       6     2.052908E+01     1.209306E+02    -1.055193E+01    -1.760966E+01 
 2.814990E+00     0.000000E+00       1     4.759845E+01     1.564894E+02    -4.364714E+01    -1.898788E+01 
 2.814990E+00     0.000000E+00       2     6.358343E-01     7.721717E+01     1.406823E-01    -6.200756E-01 
 2.814990E+00     0.000000E+00       3     3.574584E-02     9.934605E+01    -5.805015E-03    -3.527134E-02 
 2.814990E+00     0.000000E+00       4     2.037982E+00     1.598662E+02    -1.913444E+00    -7.015009E-01 
 2.814990E+00     0.000000E+00       5     7.963532E+01    -2.292687E+01     7.334436E+01     3.102241E+01 
 2.814990E+00     0.000000E+00       6     4.098739E+01     7.385889E+01     1.139466E+01    -3.937167E+01 
 2.891468E+00     0.000000E+00       1     4.082769E+01    -1.350030E+02    -2.887107E+01     2.886801E+01 
 2.891468E+00     0.000000E+00       2     9.802813E-01     7.339151E+01     2.801941E-01    -9.393842E-01 
 2.891468E+00     0.000000E+00       3     4.008058E-01     4.261144E+01     2.949778E-01    -2.713547E-01 
 2.891468E+00     0.000000E+00       4     2.586564E+00    -1.705263E+02    -2.551287E+00     4.257335E-01 
 2.891468E+00     0.000000E+00       5     6.024849E+01     4.785227E+01     4.042942E+01    -4.466926E+01 
 2.891468E+00     0.000000E+00       6     2.041586E+01    -1.373770E+02    -1.502250E+01     1.382504E+01 
 2.967945E+00     0.000000E+00       1     4.294335E+01    -1.391639E+02    -3.249021E+01     2.808055E+01 
 2.967945E+00     0.000000E+00       2     1.540024E+00    -1.633244E+01     1.477878E+00     4.330703E-01 
 2.967945E+00     0.000000E+00       3     2.823118E-01     9.918433E+01    -4.506011E-02    -2.786926E-01 
 2.967945E+00     0.000000E+00       4     3.124458E+00    -5.681175E+01     1.710302E+00     2.614786E+00 
 2.967945E+00     0.000000E+00       5     6.740422E+01     4.098887E+01     5.087920E+01    -4.421127E+01 
 2.967945E+00     0.000000E+00       6     3.363420E+01     1.708019E+02    -3.320172E+01    -5.376376E+00 
 3.044423E+00     0.000000E+00       1     2.246204E+01    -5.842094E+01     1.176280E+01     1.913582E+01 
 3.044423E+00     0.000000E+00       2     5.177224E-01    -5.565583E+01     2.920797E-01     4.274645E-01 
 3.044423E+00     0.000000E+00       3     2.174611E-01     8.855117E+01     5.498324E-03    -2.173916E-01 
 3.044423E+00     0.000000E+00       4     3.425055E+00    -4.055364E+01     2.602349E+00     2.226832E+00 
 3.044423E+00     0.000000E+00       5     2.925677E+01     1.211874E+02    -1.515028E+01    -2.502854E+01 
 3.044423E+00     0.000000E+00       6     1.682739E+01    -7.105145E+01     5.464172E+00     1.591552E+01 
 3.120900E+00     0.000000E+00       1     2.080938E+01    -4.064686E+01     1.578888E+01     1.355513E+01 
 3.120900E+00     0.000000E+00       2     4.517024E-01    -1.244911E+02    -2.557889E-01     3.722997E-01 
 3.120900E+00     0.000000E+00       3     2.739859E-01    -1.236586E+02    -1.518547E-01     2.280535E-01 
 3.120900E+00     0.000000E+00       4     3.105005E+00    -8.896418E+00     3.067651E+00     4.801848E-01 
 3.120900E+00     0.000000E+00       5     2.770076E+01     1.391574E+02    -2.095588E+01    -1.811583E+01 
 3.120900E+00     0.000000E+00       6     2.873092E+01    -1.388896E+02    -2.164714E+01     1.889092E+01 
 3.197377E+00     0.000000E+00       1     1.277325E+01     6.642695E+01     5.108251E+00    -1.170733E+01 
 3.197377E+00     0.000000E+00       2     3.872805E-01    -1.531890E+02    -3.456477E-01     1.746822E-01 
 3.197377E+00     0.000000E+00       3     3.615443E-01    -1.720100E+02    -3.580345E-01     5.025489E-02 
 3.197377E+00     0.000000E+00       4     1.679801E+00     2.472141E+01     1.525851E+00    -7.025040E-01 
 3.197377E+00     0.000000E+00       5     2.129598E+01    -1.126944E+02    -8.216329E+00     1.964715E+01 
 3.197377E+00     0.000000E+00       6     1.947397E+01    -1.563740E+01     1.875317E+01     5.249178E+00 
 3.273855E+00     0.000000E+00       1     9.499250E+00     1.424023E+02    -7.526393E+00    -5.795616E+00 
 3.273855E+00     0.000000E+00       2     9.212238E-01    -1.606088E+02    -8.689663E-01     3.058609E-01 
 3.273855E+00     0.000000E+00       3     3.160489E-02     4.078793E+01     2.392909E-02    -2.064624E-02 
 3.273855E+00     0.000000E+00       4     2.878121E+00     1.262256E+02    -1.700872E+00    -2.321770E+00 
 3.273855E+00     0.000000E+00       5     1.160033E+01    -3.570217E+01     9.420179E+00     6.769627E+00 
 3.273855E+00     0.000000E+00       6     1.183813E+01    -4.002382E+01     9.065367E+00     7.613171E+00 
 3.350332E+00     0.000000E+00       1     1.978679E+01    -1.420080E+02    -1.559390E+01     1.217980E+01 
 3.350332E+00     0.000000E+00       2     6.876665E-01     9.456660E+01    -5.475056E-02    -6.854835E-01 
 3.350332E+00     0.000000E+00       3     3.357846E-02     7.255362E+01     1.006726E-02    -3.203378E-02 
 3.350332E+00     0.000000E+00       4     2.488277E+00     1.365906E+02    -1.807639E+00    -1.709960E+00 
 3.350332E+00     0.000000E+00       5     2.340851E+01     4.053524E+01     1.779061E+01    -1.521355E+01 
 3.350332E+00     0.000000E+00       6     2.560830E+01     7.078762E+01     8.426940E+00    -2.418206E+01 
 3.426810E+00     0.000000E+00       1     1.715899E+01    -8.724039E+01     8.261304E-01     1.713909E+01 
 3.426810E+00     0.000000E+00       2     4.617529E-01    -3.313837E+01     3.866501E-01     2.524232E-01 
 3.426810E+00     0.000000E+00       3     3.410594E-01     7.452431E+01     9.100468E-02    -3.286938E-01 
 3.426810E+00     0.000000E+00       4     1.640097E+00    -1.693892E+02    -1.612053E+00     3.020011E-01 
 3.426810E+00     0.000000E+00       5     2.338064E+01     9.753806E+01    -3.067184E+00    -2.317859E+01 
 3.426810E+00     0.000000E+00       6     9.695447E+00    -1.561331E+02    -8.866371E+00     3.922903E+00 
 3.503287E+00     0.000000E+00       1     2.857515E+01    -4.674493E+01     1.958104E+01     2.081157E+01 
 3.503287E+00     0.000000E+00       2     2.398895E-01    -6.972250E+01     8.313784E-02     2.250224E-01 
 3.503287E+00     0.000000E+00       3     2.236930E-01     4.787298E+01     1.500480E-01    -1.659041E-01 
 3.503287E+00     0.000000E+00       4     1.520839E+00    -2.553976E+01     1.372233E+00     6.556905E-01 
 3.503287E+00     0.000000E+00       5     3.315146E+01     1.377496E+02    -2.453914E+01    -2.229013E+01 
 3.503287E+00     0.000000E+00       6     2.132226E+01     1.233707E+02    -1.172839E+01    -1.780684E+01 
 3.579765E+00     0.000000E+00       1     1.884491E+01     1.198553E+01     1.843409E+01    -3.913421E+00 
 3.579765E+00     0.000000E+00       2     1.288851E-01    -3.163844E+01     1.097296E-01     6.760760E-02 
 3.579765E+00     0.000000E+00       3     1.502192E-01    -1.608531E+02    -1.419092E-01     4.927056E-02 
 3.579765E+00     0.000000E+00       4     1.852162E+00    -1.422773E+01     1.795350E+00     4.552179E-01 
 3.579765E+00     0.000000E+00       5     2.363485E+01    -1.580935E+02    -2.192827E+01     8.818011E+00 
 3.579765E+00     0.000000E+00       6     1.311661E+01    -1.064461E+02    -3.713478E+00     1.257997E+01 
 3.656242E+00     0.000000E+00       1     1.042605E+01     8.965523E+00     1.029866E+01    -1.624796E+00 
 3.656242E+00     0.000000E+00       2     1.427069E+00     8.826661E+01     4.316697E-02    -1.426416E+00 
 3.656242E+00     0.000000E+00       3     6.584562E-02    -6.595384E+01     2.683028E-02     6.013137E-02 
 3.656242E+00     0.000000E+00       4     2.348799E+00     7.240429E+01     7.100386E-01    -2.238906E+00 
 3.656242E+00     0.000000E+00       5     1.718630E+01    -1.504222E+02    -1.494668E+01     8.483251E+00 
 3.656242E+00     0.000000E+00       6     8.498488E+00    -1.513010E+02    -7.454487E+00     4.081044E+00 
 3.732720E+00     0.000000E+00       1     1.757903E+01     1.391898E+02    -1.330518E+01    -1.148888E+01 
 3.732720E+00     0.000000E+00       2     6.031292E-01    -7.215400E+01     1.848348E-01     5.741088E-01 
 3.732720E+00     0.000000E+00       3     1.176908E-01     4.824177E+01     7.838075E-02    -8.779283E-02 
 3.732720E+00     0.000000E+00       4     1.648607E+00     1.479537E+02    -1.397391E+00    -8.747589E-01 
 3.732720E+00     0.000000E+00       5     2.532837E+01    -3.836649E+01     1.985887E+01     1.572105E+01 
 3.732720E+00     0.000000E+00       6     1.322749E+01     3.562445E+00     1.320193E+01    -8.219080E-01 
 3.809198E+00     0.000000E+00       1     7.633965E+00    -1.353912E+02    -5.434758E+00     5.361048E+00 
 3.809198E+00     0.000000E+00       2     5.628059E-01    -1.667707E+02    -5.478701E-01     1.287975E-01 
 3.809198E+00     0.000000E+00       3     1.498604E-01     6.119358E+01     7.221051E-02    -1.313155E-01 
 3.809198E+00     0.000000E+00       4     1.291710E+00    -1.624695E+02    -1.231718E+00     3.890809E-01 
 3.809198E+00     0.000000E+00       5     8.327016E+00     3.239479E+01     7.031138E+00    -4.461199E+00 
 3.809198E+00     0.000000E+00       6     1.068249E+01     6.818773E+01     3.969256E+00    -9.917690E+00 
 3.885675E+00     0.000000E+00       1     3.152138E+00    -1.050599E+02    -8.190182E-01     3.043876E+00 
 3.885675E+00     0.000000E+00       2     5.908547E-01    -2.007112E+01     5.549705E-01     2.027733E-01 
 3.885675E+00     0.000000E+00       3     2.854301E-02    -6.311995E+01     1.290498E-02     2.545908E-02 
 3.885675E+00     0.000000E+00       4     3.930156E+00    -4.874922E+01     2.591373E+00     2.954813E+00 
 3.885675E+00     0.000000E+00       5     4.492127E+00     5.161858E+01     2.789133E+00    -3.521355E+00 
 3.885675E+00     0.000000E+00       6     1.359769E+01     1.690446E+02    -1.334987E+01    -2.584177E+00 
 3.962153E+00     0.000000E+00       1     1.817232E+01    -7.020793E+00     1.803606E+01     2.221195E+00 
 3.962153E+00     0.000000E+00       2     1.457933E+00    -8.143177E+01     2.172132E-01     1.441661E+00 
 3.962153E+00     0.000000E+00       3     8.934132E-02    -1.107633E+02    -3.167225E-02     8.353886E-02 
 3.962153E+00     0.000000E+00       4     3.757827E+00    -5.076684E+01     2.376742E+00     2.910733E+00 
 3.962153E+00     0.000000E+00       5     2.467595E+01     1.694560E+02    -2.425929E+01    -4.515469E+00 
 3.962153E+00     0.000000E+00       6     2.241460E+00     2.370993E+00     2.239541E+00    -9.272878E-02 
 4.038630E+00     0.000000E+00       1     1.602942E+01     6.378419E+01     7.081050E+00    -1.438058E+01 
 4.038630E+00     0.000000E+00       2     1.526337E+00     4.720184E+01     1.037021E+00    -1.119952E+00 
 4.038630E+00     0.000000E+00       3     4.230587E-01    -1.413080E+02    -3.302047E-01     2.644683E-01 
 4.038630E+00     0.000000E+00       4     3.122003E+00     3.434468E+01     2.577708E+00    -1.761341E+00 
 4.038630E+00     0.000000E+00       5     2.122282E+01    -1.170090E+02    -9.637941E+00     1.890815E+01 
 4.038630E+00     0.000000E+00       6     1.735594E+01    -8.481823E+01     1.567513E+00     1.728501E+01 
 4.115107E+00     0.000000E+00       1     8.135302E+00     9.928109E+01    -1.312046E+00    -8.028802E+00 
 4.115107E+00     0.000000E+00       2     4.191463E-01    -3.786709E+01     3.308896E-01     2.572854E-01 
 4.115107E+00     0.000000E+00       3     1.665133E-01    -1.242256E+02    -9.365589E-02     1.376781E-01 
 4.115107E+00     0.000000E+00       4     2.688964E+00     1.221116E+02    -1.429375E+00    -2.277590E+00 
 4.115107E+00     0.000000E+00       5     8.296831E+00    -8.937702E+01     9.021044E-02     8.296340E+00 
 4.115107E+00     0.000000E+00       6     1.844540E+01    -1.672033E+02    -1.798725E+01     4.085510E+00 
 4.191585E+00     0.000000E+00       1     9.934503E+00     1.504191E+02    -8.639632E+00    -4.904193E+00 
 4.191585E+00     0.000000E+00       2     7.939146E-01     1.498775E+02    -6.866998E-01    -3.984267E-01 
 4.191585E+00     0.000000E+00       3     1.236213E-01    -7.860460E+01     2.442494E-02     1.211844E-01 
 4.191585E+00     0.000000E+00       4     1.127855E+00     1.248097E+02    -6.438390E-01    -9.260284E-01 
 4.191585E+00     0.000000E+00       5     1.207672E+01    -2.284471E+01     1.112943E+01     4.688605E+00 
 4.191585E+00     0.000000E+00       6     6.520774E+00     6.556156E+01     2.697744E+00    -5.936553E+00 
 4.268063E+00     0.000000E+00       1     4.320718E+00    -1.014491E+02    -8.576540E-01     4.234741E+00 
 4.268063E+00     0.000000E+00       2     2.665897E-01     4.230084E+01     1.971754E-01    -1.794211E-01 
 4.268063E+00     0.000000E+00       3     1.233284E-01     1.775727E+01     1.174526E-01    -3.761332E-02 
 4.268063E+00     0.000000E+00       4     2.182344E+00    -9.192147E+01    -7.317329E-02     2.181117E+00 
 4.268063E+00     0.000000E+00       5     8.672601E+00     1.108127E+02    -3.081493E+00    -8.106690E+00 
 4.268063E+00     0.000000E+00       6     2.202582E+01     1.673265E+02    -2.148918E+01    -4.832340E+00 
 4.344540E+00     0.000000E+00       1     6.342159E+00    -1.924143E+01     5.987876E+00     2.090054E+00 
 4.344540E+00     0.000000E+00       2     2.421571E+00    -1.477383E+02    -2.047726E+00     1.292603E+00 
 4.344540E+00     0.000000E+00       3     1.864487E-01     6.035978E+01     9.220859E-02    -1.620515E-01 
 4.344540E+00     0.000000E+00       4     2.244550E+00    -1.318911E+02    -1.498723E+00     1.670878E+00 
 4.344540E+00     0.000000E+00       5     1.068159E+01     9.889818E+01    -1.652218E+00    -1.055304E+01 
 4.344540E+00     0.000000E+00       6     2.788547E+01    -9.659736E+00     2.749010E+01     4.679088E+00 
 4.421018E+00     0.000000E+00       1     7.745268E+00     1.333513E+02    -5.316892E+00    -5.632036E+00 
 4.421018E+00     0.000000E+00       2     1.556915E+00    -1.422120E+01     1.509203E+00     3.824814E-01 
 4.421018E+00     0.000000E+00       3     4.618712E-01    -1.553269E+02    -4.197042E-01     1.928039E-01 
 4.421018E+00     0.000000E+00       4     5.559729E+00    -2.998539E+01     4.815575E+00     2.778637E+00 
 4.421018E+00     0.000000E+00       5     4.814539E+00    -9.158612E+01    -1.332638E-01     4.812695E+00 
 4.421018E+00     0.000000E+00       6     1.675511E+01     1.304999E+02    -1.088156E+01    -1.274070E+01 
 4.497495E+00     0.000000E+00       1     1.422271E+01     1.511887E+02    -1.246211E+01    -6.854296E+00 
 4.497495E+00     0.000000E+00       2     2.425876E+00     7.990329E+01     4.252807E-01    -2.388307E+00 
 4.497495E+00     0.000000E+00       3     2.886570E-01     4.723326E+01     1.960025E-01    -2.119101E-01 
 4.497495E+00     0.000000E+00       4     3.782895E+00     8.408385E+01     3.899140E-01    -3.762746E+00 
 4.497495E+00     0.000000E+00       5     2.545434E+01    -3.431743E+01     2.102343E+01     1.435058E+01 
 4.497495E+00     0.000000E+00       6     1.887496E+01    -4.280313E+01     1.384842E+01     1.282518E+01 
 4.573972E+00     0.000000E+00       1     2.641545E+01    -1.185269E+02    -1.261527E+01     2.320843E+01 
 4.573972E+00     0.000000E+00       2     5.955755E+00     1.076381E+02    -1.804620E+00    -5.675770E+00 
 4.573972E+00     0.000000E+00       3     3.704986E-01    -1.320294E+02    -2.480531E-01     2.752070E-01 
 4.573972E+00     0.000000E+00       4     7.028654E+00     1.125994E+02    -2.701013E+00    -6.488953E+00 
 4.573972E+00     0.000000E+00       5     3.850816E+01     6.793293E+01     1.446719E+01    -3.568723E+01 
 4.573972E+00     0.000000E+00       6     1.910570E+02    -2.883498E+01     1.673683E+02     9.214464E+01 
 4.650450E+00     0.000000E+00       1     8.782570E+00    -8.737498E+01     4.022343E-01     8.773354E+00 
 4.650450E+00     0.000000E+00       2     3.159762E-01    -1.737478E+02    -3.140968E-01     3.441162E-02 
 4.650450E+00     0.000000E+00       3     8.927833E-02    -1.252099E+02    -5.147547E-02     7.294447E-02 
 4.650450E+00     0.000000E+00       4     2.762491E+00    -9.185179E+01    -8.926750E-02     2.761048E+00 
 4.650450E+00     0.000000E+00       5     1.246499E+01     1.308596E+02    -8.154687E+00    -9.427461E+00 
 4.650450E+00     0.000000E+00       6     5.416952E+01     1.369682E+02    -3.959658E+01    -3.696550E+01 
 4.726928E+00     0.000000E+00       1     6.691625E+00     9.828742E+01    -9.645233E-01    -6.621747E+00 
 4.726928E+00     0.000000E+00       2     5.907751E-01     3.129004E+01     5.048463E-01    -3.068312E-01 
 4.726928E+00     0.000000E+00       3     1.299261E-01     1.767850E+02    -1.297216E-01    -7.286596E-03 
 4.726928E+00     0.000000E+00       4     3.901495E+00    -7.179609E+01     1.218826E+00     3.706228E+00 
 4.726928E+00     0.000000E+00       5     1.132843E+01    -5.767053E+01     6.058298E+00     9.572375E+00 
 4.726928E+00     0.000000E+00       6     3.324250E+01    -4.439261E+00     3.314278E+01     2.573044E+00 
 4.803405E+00     0.000000E+00       1     2.036881E+00     1.080517E+02    -6.311794E-01    -1.936619E+00 
 4.803405E+00     0.000000E+00       2     1.029626E+00     4.717260E+01     6.999316E-01    -7.551327E-01 
 4.803405E+00     0.000000E+00       3     1.152496E-01    -4.761372E+00     1.148519E-01     9.566410E-03 
 4.803405E+00     0.000000E+00       4     3.281687E+00     4.613220E+01     2.274198E+00    -2.365902E+00 
 4.803405E+00     0.000000E+00       5     8.018579E+00     4.060666E+01     6.087671E+00    -5.218992E+00 
 4.803405E+00     0.000000E+00       6     7.057708E+01     4.927253E+00     7.031626E+01    -6.061923E+00 
 4.879882E+00     0.000000E+00       1     4.324669E+00    -1.084832E+02    -1.371035E+00     4.101588E+00 
 4.879882E+00     0.000000E+00       2     1.636417E+00     3.346850E+01     1.365081E+00    -9.024486E-01 
 4.879882E+00     0.000000E+00       3     9.960672E-02     1.161958E+02    -4.397039E-02    -8.937619E-02 
 4.879882E+00     0.000000E+00       4     1.211563E+00    -1.564826E+02    -1.110930E+00     4.834464E-01 
 4.879882E+00     0.000000E+00       5     2.897158E+00     3.027299E+01     2.502082E+00    -1.460517E+00 
 4.879882E+00     0.000000E+00       6     7.707182E+01     1.418311E+02    -6.059329E+01    -4.762897E+01 
 4.956360E+00     0.000000E+00       1     3.451095E+00    -1.010980E+02    -6.642961E-01     3.386557E+00 
 4.956360E+00     0.000000E+00       2     2.531554E+00    -7.651061E+01     5.905238E-01     2.461717E+00 
 4.956360E+00     0.000000E+00       3     2.629355E-01     1.336853E+02    -1.816088E-01    -1.901403E-01 
 4.956360E+00     0.000000E+00       4     3.686577E+00    -7.046639E+01     1.232643E+00     3.474398E+00 
 4.956360E+00     0.000000E+00       5     3.253108E+00    -6.130500E+00     3.234504E+00     3.474104E-01 
 4.956360E+00     0.000000E+00       6     4.173610E+01     1.674786E+02    -4.074341E+01    -9.048583E+00 
 5.032838E+00     0.000000E+00       1     4.709812E+00     3.756959E+01     3.733060E+00    -2.871688E+00 
 5.032838E+00     0.000000E+00       2     1.960354E+00    -8.909437E+01     3.098440E-02     1.960109E+00 
 5.032838E+00     0.000000E+00       3     2.002134E-01     1.419435E+02    -1.576486E-01    -1.234193E-01 
 5.032838E+00     0.000000E+00       4     1.044397E+01    -1.505768E+02    -9.096861E+00     5.130663E+00 
 5.032838E+00     0.000000E+00       5     3.427822E+00    -1.033081E+02    -7.890429E-01     3.335772E+00 
 5.032838E+00     0.000000E+00       6     2.211348E+02     3.831576E+01     1.735037E+02    -1.371025E+02 
 5.109315E+00     0.000000E+00       1     3.010595E+00    -1.219775E+02    -1.594368E+00     2.553756E+00 
 5.109315E+00     0.000000E+00       2     7.259501E+00     1.580038E+02    -6.731071E+00    -2.719012E+00 
 5.109315E+00     0.000000E+00       3     2.434465E-01     1.727055E+02    -2.414762E-01    -3.091029E-02 
 5.109315E+00     0.000000E+00       4     6.839587E+00     1.537771E+02    -6.135671E+00    -3.022167E+00 
 5.109315E+00     0.000000E+00       5     1.067271E+01     5.857988E+01     5.563783E+00    -9.107746E+00 
 5.109315E+00     0.000000E+00       6     1.392818E+02    -1.715068E+02    -1.377543E+02     2.057083E+01 
 5.185792E+00     0.000000E+00       1     5.379078E+00     3.835122E+01     4.218391E+00    -3.337612E+00 
 5.185792E+00     0.000000E+00       2     1.796133E+00     5.440636E+01     1.045408E+00    -1.460553E+00 
 5.185792E+00     0.000000E+00       3     9.630955E-03    -8.934156E+01     1.106752E-04     9.630319E-03 
 5.185792E+00     0.000000E+00       4     4.608539E+00     1.678202E+01     4.412262E+00    -1.330629E+00 
 5.185792E+00     0.000000E+00       5     4.435906E+00    -1.060135E+02    -1.223704E+00     4.263779E+00 
 5.185792E+00     0.000000E+00       6     3.596740E+01     3.224258E+01     3.042111E+01    -1.918879E+01 
 5.262270E+00     0.000000E+00       1     2.190379E+00     1.468917E+02    -1.834749E+00    -1.196435E+00 
 5.262270E+00     0.000000E+00       2     1.507642E+00     1.408959E+01     1.462287E+00    -3.670185E-01 
 5.262270E+00     0.000000E+00       3     2.640307E-01     3.841940E+01     2.068635E-01    -1.640721E-01 
 5.262270E+00     0.000000E+00       4     4.191977E+00     3.834243E+00     4.182594E+00    -2.803185E-01 
 5.262270E+00     0.000000E+00       5     4.342291E+00    -8.591054E+01     3.096662E-01     4.331235E+00 
 5.262270E+00     0.000000E+00       6     6.973933E+01    -1.616068E+02    -6.617660E+01     2.200528E+01 
 5.338748E+00     0.000000E+00       1     5.752048E+00     3.599122E+01     4.654023E+00    -3.380256E+00 
 5.338748E+00     0.000000E+00       2     1.168544E+00    -1.029234E+02    -2.613437E-01     1.138945E+00 
 5.338748E+00     0.000000E+00       3     1.120830E-01     8.116144E+01     1.722165E-02    -1.107520E-01 
 5.338748E+00     0.000000E+00       4     6.588093E+00     1.628233E+01     6.323856E+00    -1.847109E+00 
 5.338748E+00     0.000000E+00       5     1.526995E+01    -1.128641E+02    -5.933091E+00     1.407017E+01 
 5.338748E+00     0.000000E+00       6     5.371383E+01    -4.167218E+01     4.012214E+01     3.571259E+01 
 5.415225E+00     0.000000E+00       1     6.931032E+00     2.220137E+01     6.417176E+00    -2.618980E+00 
 5.415225E+00     0.000000E+00       2     3.674411E+00     1.560818E+01     3.538914E+00    -9.886274E-01 
 5.415225E+00     0.000000E+00       3     1.248378E-01    -2.987268E+01     1.082512E-01     6.217852E-02 
 5.415225E+00     0.000000E+00       4     1.498509E+01    -1.190354E+01     1.466285E+01     3.090893E+00 
 5.415225E+00     0.000000E+00       5     1.197160E+01    -1.629330E+02    -1.144440E+01     3.513539E+00 
 5.415225E+00     0.000000E+00       6     2.185614E+02    -4.922025E+01     1.427541E+02     1.655004E+02 
 5.491702E+00     0.000000E+00       1     2.016216E+00    -9.380160E+01    -1.336788E-01     2.011780E+00 
 5.491702E+00     0.000000E+00       2     6.125727E+00     1.055101E+01     6.022155E+00    -1.121687E+00 
 5.491702E+00     0.000000E+00       3     1.061988E+00     9.362864E+00     1.047840E+00    -1.727711E-01 
 5.491702E+00     0.000000E+00       4     1.282011E+01    -2.726189E+01     1.139608E+01     5.872358E+00 
 5.491702E+00     0.000000E+00       5     1.567794E+01     1.516712E+02    -1.380034E+01    -7.439656E+00 
 5.491702E+00     0.000000E+00       6     3.363231E+02    -7.152034E+01     1.066036E+02     3.189810E+02 
 5.568180E+00     0.000000E+00       1     2.821296E+00     1.510430E+02    -2.468586E+00    -1.365941E+00 
 5.568180E+00     0.000000E+00       2     1.569676E+00    -1.398265E+01     1.523165E+00     3.792777E-01 
 5.568180E+00     0.000000E+00       3     6.747509E-01     5.113243E+01     4.234213E-01    -5.253600E-01 
 5.568180E+00     0.000000E+00       4     7.818331E+00    -3.069521E+01     6.722944E+00     3.991031E+00 
 5.568180E+00     0.000000E+00       5     8.828893E+00    -7.487074E+01     2.304320E+00     8.522879E+00 
 5.568180E+00     0.000000E+00       6     2.674130E+01     1.755788E+02    -2.666173E+01    -2.061439E+00 
 5.644658E+00     0.000000E+00       1     8.957147E-01     1.799447E+02    -8.957143E-01    -8.643561E-04 
 5.644658E+00     0.000000E+00       2     5.423444E+00    -8.498245E+01     4.743396E-01     5.402661E+00 
 5.644658E+00     0.000000E+00       3     2.701845E-01    -1.238856E+02    -1.506379E-01     2.242942E-01 
 5.644658E+00     0.000000E+00       4     1.225647E+01    -9.667300E+01    -1.424235E+00     1.217344E+01 
 5.644658E+00     0.000000E+00       5     1.565894E+01    -1.571388E+01     1.507370E+01     4.240968E+00 
 5.644658E+00     0.000000E+00       6     1.696779E+02    -6.819887E+01     6.301601E+01     1.575422E+02 
 5.721135E+00     0.000000E+00       1     1.041210E+01    -7.682619E+01     2.372979E+00     1.013809E+01 
 5.721135E+00     0.000000E+00       2     1.266871E+01     3.293805E+01     1.063233E+01    -6.888381E+00 
 5.721135E+00     0.000000E+00       3     7.491868E-01    -4.131431E+01     5.627137E-01     4.946051E-01 
 5.721135E+00     0.000000E+00       4     1.918116E+01     6.212959E+01     8.966682E+00    -1.695628E+01 
 5.721135E+00     0.000000E+00       5     2.981828E+01     1.135385E+02    -1.190838E+01    -2.733716E+01 
 5.721135E+00     0.000000E+00       6     4.088098E+02    -8.805025E+00     4.039919E+02     6.257754E+01 
 5.797613E+00     0.000000E+00       1     1.290519E+01    -9.669179E+01    -1.503822E+00     1.281727E+01 
 5.797613E+00     0.000000E+00       2     3.216550E+00    -6.835954E+01     1.186203E+00     2.989836E+00 
 5.797613E+00     0.000000E+00       3     6.046213E-01    -2.572617E+01     5.446905E-01     2.624483E-01 
 5.797613E+00     0.000000E+00       4     3.926028E+00     1.260818E+02    -2.312196E+00    -3.172924E+00 
 5.797613E+00     0.000000E+00       5     3.718988E+01     7.417829E+01     1.013962E+01    -3.578093E+01 
 5.797613E+00     0.000000E+00       6     7.884899E+02    -1.509996E+02    -6.896260E+02     3.822726E+02 
 5.874090E+00     0.000000E+00       1     3.029389E+00     6.620486E+01     1.222261E+00    -2.771873E+00 
 5.874090E+00     0.000000E+00       2     8.537505E+00     7.796706E+01     1.779848E+00    -8.349918E+00 
 5.874090E+00     0.000000E+00       3     3.254522E-01     1.631572E+02    -3.114914E-01    -9.429857E-02 
 5.874090E+00     0.000000E+00       4     2.002948E+01     6.803056E+01     7.493269E+00    -1.857501E+01 
 5.874090E+00     0.000000E+00       5     1.444314E+01    -1.188635E+02    -6.972066E+00     1.264890E+01 
 5.874090E+00     0.000000E+00       6     1.713454E+02    -1.737840E+02    -1.703380E+02     1.855275E+01 
 5.950568E+00     0.000000E+00       1     4.925739E+00    -1.234366E+02    -2.714147E+00     4.110512E+00 
 5.950568E+00     0.000000E+00       2     1.567514E+00    -1.266818E+01     1.529355E+00     3.437628E-01 
 5.950568E+00     0.000000E+00       3     1.289912E+00    -1.733715E+01     1.231308E+00     3.843858E-01 
 5.950568E+00     0.000000E+00       4     2.174260E+01    -1.943879E+01     2.050322E+01     7.235931E+00 
 5.950568E+00     0.000000E+00       5     5.885425E+00     9.972488E+01    -9.941509E-01    -5.800852E+00 
 5.950568E+00     0.000000E+00       6     2.276877E+02    -1.286616E+02    -1.422409E+02     1.777897E+02 
 6.027045E+00     0.000000E+00       1     1.409785E+00     9.998014E+01    -2.443252E-01    -1.388452E+00 
 6.027045E+00     0.000000E+00       2     1.846390E+00     1.000018E+02    -3.206796E-01    -1.818329E+00 
 6.027045E+00     0.000000E+00       3     8.829399E-02    -1.639922E+02    -8.487032E-02     2.434868E-02 
 6.027045E+00     0.000000E+00       4     5.091592E+00     6.659552E+01     2.022480E+00    -4.672674E+00 
 6.027045E+00     0.000000E+00       5     4.106500E+00    -8.804478E+01     1.401070E-01     4.104109E+00 
 6.027045E+00     0.000000E+00       6     6.037526E+01     4.440671E+01     4.313153E+01    -4.224741E+01 
 6.103523E+00     0.000000E+00       1     1.448074E+00     1.351640E+01     1.407967E+00    -3.384492E-01 
 6.103523E+00     0.000000E+00       2     1.325400E+00    -1.229146E+02    -7.202067E-01     1.112649E+00 
 6.103523E+00     0.000000E+00       3     5.493517E-01     1.503947E+02    -4.776334E-01    -2.713920E-01 
 6.103523E+00     0.000000E+00       4     3.881707E+00     7.194164E+00     3.851148E+00    -4.861146E-01 
 6.103523E+00     0.000000E+00       5     1.272073E+01    -1.569492E+02    -1.170508E+01     4.980774E+00 
 6.103523E+00     0.000000E+00       6     5.649500E+01     8.766667E+01     2.300079E+00    -5.644816E+01 
 6.180000E+00     0.000000E+00       1     3.148700E+00     1.771380E+02    -3.144773E+00    -1.572185E-01 
 6.180000E+00     0.000000E+00       2     4.208305E+00     1.122582E+02    -1.594028E+00    -3.894728E+00 
 6.180000E+00     0.000000E+00       3     2.484779E-01     8.570875E+01     1.859271E-02    -2.477813E-01 
 6.180000E+00     0.000000E+00       4     1.166905E+01     1.101814E+02    -4.025749E+00    -1.095263E+01 
 6.180000E+00     0.000000E+00       5     9.140928E+00    -4.206616E+01     6.785966E+00     6.124315E+00 
 6.180000E+00     0.000000E+00       6     3.525151E+01    -1.367249E+02    -2.566559E+01     2.416499E+01 
