  -11606.016581     635.339259  268690.212503
  -11605.827416     634.344616  268690.204072
  -11605.380159     631.982063  268690.184118
  -11604.553295     627.649999  268690.147292
  -11603.392805     621.598464  268690.095660
  -11601.918331     613.961541  268690.030153
  -11600.106117     604.653710  268689.949785
  -11597.947109     593.671618  268689.854234
  -11595.458735     581.133255  268689.744323
  -11592.633684     567.033426  268689.619788
  -11589.468512     551.377607  268689.480520
  -11585.982064     534.269391  268689.327366
  -11582.119809     515.749688  268689.158495
  -11577.926835     495.828084  268688.975500
  -11573.382275     474.598445  268688.777825
  -11568.521868     452.124442  268688.566834
  -11563.306932     428.435802  268688.341231
  -11557.794712     403.595630  268688.103131
  -11551.926986     377.709539  268687.850693
  -11545.785436     350.814872  268687.586839
  -11539.364764     322.983550  268687.311518
  -11532.663633     294.301751  268687.024838
  -11525.672458     264.814591  268686.726549
  -11518.425607     234.601927  268686.417997
  -11510.956028     203.758010  268686.100506
  -11503.279372     172.332680  268685.774714
  -11495.411847     140.397296  268685.441319
  -11487.483047     108.038194  268685.105006
  -11479.401036      75.306238  268684.762657
  -11471.343752      42.284702  268684.420643
  -11463.248356       9.039838  268684.076887
  -11455.223651     -24.382749  268683.735276
  -11447.241695     -57.885419  268683.395013
  -11439.481093     -91.427983  268683.062411
  -11431.918347    -124.948810  268682.736764
  -11424.610981    -158.374033  268682.420215
  -11417.541868    -191.672695  268682.112225
  -11410.754385    -224.763380  268681.814456
  -11404.392804    -257.615768  268681.532006
  -11398.259631    -290.169056  268681.258086
  -11392.470929    -322.374238  268680.996841
  -11387.224601    -354.207784  268680.755229
  -11382.328762    -385.600063  268680.526673
  -11378.061640    -416.542210  268680.320911
  -11374.159379    -446.973476  268680.128835
  -11370.803469    -476.880669  268679.956810
  -11368.020079    -506.223198  268679.805825
  -11365.827739    -534.978218  268679.676570
  -11364.110512    -563.121158  268679.565038
  -11363.125632    -590.622862  268679.480272
  -11362.629347    -617.476947  268679.413766
  -11362.889692    -643.652746  268679.374941
  -11363.594526    -669.152850  268679.352886
  -11364.780773    -693.936952  268679.348965
  -11366.453386    -718.021333  268679.363321
  -11368.659763    -741.376725  268679.397664
  -11371.372504    -764.022152  268679.451001
  -11374.341482    -785.920554  268679.514660
  -11377.641460    -807.093631  268679.591213
  -11381.281773    -827.527269  268679.681013
  -11385.242659    -847.222746  268679.783367
  -11389.285369    -866.188165  268679.889917
  -11393.707752    -884.418766  268680.011080
  -11398.256110    -901.945591  268680.137933
  -11402.918787    -918.734236  268680.270133
  -11407.764139    -934.845714  268680.409956
  -11412.721643    -950.233314  268680.555023
  -11417.795459    -964.943803  268680.705395
  -11422.919226    -978.977238  268680.858751
  -11428.071671    -992.324089  268681.014367
  -11433.283463   -1005.046176  268681.173200
  -11438.512616   -1017.102918  268681.333859
  -11443.761126   -1028.555384  268681.496299
  -11449.011020   -1039.404898  268681.659892
  -11454.221780   -1049.623480  268681.823273
  -11459.412712   -1059.295981  268681.986961
  -11464.539852   -1068.388948  268682.149480
  -11469.617165   -1076.917102  268682.311292
  -11474.662539   -1084.950903  268682.472893
  -11479.628893   -1092.438868  268682.632732
  -11484.508029   -1099.420263  268682.790451
  -11489.336087   -1105.953463  268682.947205
  -11494.028488   -1111.980620  268683.100146
  -11498.636039   -1117.547930  268683.250963
  -11503.192807   -1122.724480  268683.400721
  -11507.614306   -1127.448834  268683.546580
  -11511.939451   -1131.741754  268683.689861
  -11516.188830   -1135.707866  268683.831094
  -11520.290501   -1139.286062  268683.967875
  -11524.268700   -1142.441087  268684.101116
  -11528.253779   -1145.332484  268684.235080
  -11531.886609   -1147.907778  268684.357313
  -11535.400502   -1150.092321  268684.476106
  -11539.040782   -1151.969707  268684.599877
  -11543.079767   -1153.688842  268684.737871
  -11548.245005   -1155.135980  268684.915720
  -11552.664845   -1156.143658  268685.068325
  -11555.985064   -1156.883852  268685.182994
  -11558.653669   -1157.508278  268685.275105
  -11560.328505   -1157.932599  268685.332855
  -11560.903766   -1158.087645  268685.352673
  -11561.475573   -1157.962642  268685.372884
  -11563.059129   -1157.623658  268685.428841
  -11565.412534   -1157.130761  268685.511983
  -11568.189749   -1156.548465  268685.610098
  -11571.829952   -1155.748293  268685.738769
  -11576.440030   -1154.551790  268685.902057
  -11580.131354   -1153.029730  268686.033836
  -11583.140628   -1151.321114  268686.142122
  -11586.043478   -1149.292064  268686.247277
  -11588.859699   -1146.871316  268686.350121
  -11591.601477   -1144.141741  268686.450928
  -11594.603035   -1141.147983  268686.561298
  -11597.837928   -1137.735014  268686.680589
  -11601.100853   -1133.935143  268686.801568
  -11604.390218   -1129.809347  268686.924067
  -11607.877494   -1125.247260  268687.054281
  -11611.471507   -1120.237522  268687.189045
  -11615.124208   -1114.834507  268687.326579
  -11618.914678   -1108.963118  268687.469786
  -11622.811543   -1102.588436  268687.617631
  -11626.784724   -1095.763512  268687.768968
  -11630.862931   -1088.419107  268687.924926
  -11635.039695   -1080.528134  268688.085328
  -11639.286916   -1072.136515  268688.249110
  -11643.619199   -1063.165671  268688.416924
  -11648.016875   -1053.613292  268688.588088
  -11652.474054   -1043.498964  268688.762360
  -11657.023309   -1032.742783  268688.941025
  -11661.627812   -1021.381472  268689.122728
  -11666.275718   -1009.387800  268689.307106
  -11670.959097    -996.722080  268689.493953
  -11675.655645    -983.414234  268689.682437
  -11680.372517    -969.396256  268689.872930
  -11685.073166    -954.694107  268690.064110
  -11689.735039    -939.278483  268690.255240
  -11694.371199    -923.129986  268690.446814
  -11698.929013    -906.272361  268690.636948
  -11703.425969    -888.654022  268690.826349
  -11707.830568    -870.313627  268691.013844
  -11712.081485    -851.195730  268691.197391
  -11716.184999    -831.334595  268691.377149
  -11720.102756    -810.687939  268691.551854
  -11723.780191    -789.284844  268691.719545
  -11727.205368    -767.101665  268691.879850
  -11730.370508    -744.161529  268692.032453
  -11733.232830    -720.454344  268692.175879
  -11735.729183    -695.994605  268692.307894
  -11737.865084    -670.777075  268692.428700
  -11739.589741    -644.823752  268692.536483
  -11740.818821    -618.136017  268692.628292
  -11741.562284    -590.744639  268692.704420
  -11741.737731    -562.645666  268692.761994
  -11741.286731    -533.878844  268692.798899
  -11740.216453    -504.444359  268692.815387
  -11738.437626    -474.395508  268692.808239
  -11735.951994    -443.734129  268692.777514
  -11732.736458    -412.520636  268692.722293
  -11728.726215    -380.764098  268692.640295
  -11723.916371    -348.514636  268692.531258
  -11718.296840    -315.815056  268692.394751
  -11711.938473    -282.699518  268692.233187
  -11704.878967    -249.235409  268692.047760
  -11697.309397    -215.454653  268691.845088
  -11689.394480    -181.436936  268691.630783
  -11681.185024    -147.228455  268691.406534
  -11672.812253    -112.886485  268691.176822
  -11664.345848     -78.490020  268690.943938
  -11656.001647     -44.084192  268690.715342
  -11647.859895      -9.755451  268690.493679
  -11640.051445      24.424581  268690.283391
  -11632.655638      58.403578  268690.087155
  -11625.773902      92.081973  268689.908332
  -11619.471007     125.398849  268689.749075
  -11613.770453     158.292573  268689.610092
  -11608.719712     190.657816  268689.492849
  -11604.310209     222.440962  268689.396948
  -11600.533043     253.575845  268689.321957
  -11597.469646     283.952656  268689.270521
  -11595.079136     313.516832  268689.241110
  -11593.318417     342.197718  268689.232091
  -11592.140250     369.903231  268689.241643
  -11591.546909     396.583062  268689.269754
  -11591.454403     422.180190  268689.313384
  -11591.838136     446.576815  268689.371458
  -11592.625341     469.733565  268689.441362
  -11593.805885     491.605842  268689.522659
  -11595.277061     512.106605  268689.611602
  -11596.963887     531.180390  268689.705467
  -11598.675725     548.807066  268689.797558
  -11600.306702     564.915826  268689.884043
  -11601.835185     579.433658  268689.964035
  -11603.250467     592.362637  268690.037161
  -11604.533735     603.669159  268690.102705
  -11605.655391     613.249910  268690.159441
  -11606.601518     621.121408  268690.206914
  -11607.368751     627.360908  268690.245148
  -11607.926135     631.813090  268690.272777
  -11608.235652     634.258214  268690.288069
  -11608.364487     635.277766  268690.294438
