  -10625.557367    3145.238943  160892.720295
  -10622.886064    3137.284767  160892.764194
  -10618.031074    3122.710692  160892.846101
  -10611.358892    3102.380804  160892.964092
  -10603.120042    3076.772473  160893.118897
  -10593.318479    3045.624038  160893.315384
  -10582.094852    3008.962097  160893.558317
  -10569.681269    2967.209845  160893.848717
  -10556.189087    2920.380587  160894.190495
  -10541.716398    2868.516928  160894.586540
  -10526.424450    2811.979360  160895.036362
  -10511.294820    2751.150319  160895.569660
  -10494.965593    2685.699091  160896.141620
  -10477.943338    2616.045509  160896.763555
  -10460.092266    2542.350361  160897.427502
  -10442.790359    2465.069062  160898.176625
  -10424.302863    2383.935568  160898.951040
  -10405.669691    2299.544925  160899.778787
  -10386.723004    2211.972739  160900.652243
  -10368.777503    2121.788891  160901.610150
  -10350.925026    2029.013669  160902.618278
  -10333.535157    1933.882560  160903.686159
  -10316.132929    1836.515072  160904.793928
  -10300.061345    1737.559792  160905.979959
  -10284.413892    1636.927982  160907.212052
  -10270.025070    1535.061335  160908.513356
  -10256.494850    1432.126730  160909.865942
  -10243.372734    1328.151685  160911.252517
  -10232.058250    1223.777984  160912.713686
  -10222.293006    1119.133687  160914.237506
  -10213.146305    1014.118129  160915.791088
  -10206.092613     909.420462  160917.416978
  -10200.495137     805.007530  160919.092030
  -10195.561810     700.853986  160920.787167
  -10193.212527     597.702209  160922.560584
  -10191.677065     495.172695  160924.353120
  -10191.858394     393.758254  160926.189554
  -10194.226210     293.688260  160928.083261
  -10198.201973     194.977947  160930.012394
  -10204.333737      97.932336  160931.991886
  -10212.201285       2.526826  160934.006512
  -10221.587093     -91.099613  160936.045653
  -10233.219661    -182.703255  160938.132076
  -10246.470722    -272.287612  160940.242419
  -10261.617868    -359.723853  160942.384707
  -10277.444654    -445.210814  160944.517169
  -10296.502989    -527.996128  160946.721387
  -10315.905573    -608.784862  160948.902420
  -10337.193530    -687.056158  160951.108335
  -10360.157411    -762.865927  160953.332333
  -10384.906595    -836.070033  160955.575890
  -10410.371344    -906.986876  160957.804863
  -10437.680020    -975.189361  160960.053622
  -10465.981521   -1040.953945  160962.295417
  -10495.564354   -1104.110566  160964.537938
  -10526.172723   -1164.787714  160966.773966
  -10557.742647   -1222.909422  160968.999744
  -10590.207345   -1278.553724  160971.214190
  -10623.964622   -1331.570641  160973.429432
  -10658.591831   -1382.078471  160975.631843
  -10694.002785   -1430.144005  160977.819416
  -10729.876350   -1475.814655  160979.981031
  -10766.138904   -1519.225013  160982.116372
  -10803.035367   -1560.205706  160984.231515
  -10840.201924   -1599.034471  160986.317904
  -10878.064352   -1635.460817  160988.386898
  -10915.350218   -1669.966716  160990.399746
  -10953.864189   -1702.075899  160992.415146
  -10991.796159   -1732.244192  160994.373829
  -11030.111888   -1760.399885  160996.310510
  -11068.653751   -1786.464642  160998.217900
  -11107.345368   -1810.644943  161000.096875
  -11146.218750   -1832.937717  161001.948574
  -11184.844822   -1853.375401  161003.757583
  -11223.404979   -1872.166818  161005.534432
  -11261.246400   -1889.387715  161007.256147
  -11299.013419   -1904.909876  161008.944440
  -11337.121761   -1918.835784  161010.616661
  -11374.286881   -1931.355087  161012.228335
  -11411.029108   -1942.449300  161013.798528
  -11447.545200   -1952.241042  161015.336791
  -11484.033114   -1960.507800  161016.846490
  -11520.506402   -1967.382787  161018.330534
  -11555.427979   -1973.484300  161019.742764
  -11589.871744   -1978.345053  161021.114792
  -11623.740267   -1982.051259  161022.444540
  -11656.591329   -1985.038414  161023.723377
  -11689.202538   -1986.918322  161024.973294
  -11721.250410   -1987.667873  161026.181812
  -11755.443242   -1987.040276  161027.445465
  -11790.946367   -1985.126983  161028.734780
  -11829.200512   -1981.297105  161030.092096
  -11863.362529   -1977.612722  161031.299450
  -11904.512915   -1971.548360  161032.724448
  -11935.534595   -1967.268280  161033.803959
  -11962.876740   -1962.689687  161034.740882
  -11983.029183   -1959.302395  161035.431211
  -12013.129764   -1952.958490  161036.439141
  -12027.599229   -1950.256296  161036.929924
  -12039.853327   -1947.412064  161037.335538
  -12074.296189   -1937.790876  161038.446256
  -12086.815024   -1933.288736  161038.831830
  -12114.915786   -1924.096209  161039.713799
  -12136.105218   -1916.442111  161040.365815
  -12161.756116   -1906.863642  161041.149470
  -12191.552371   -1894.892390  161042.044527
  -12227.168710   -1880.448004  161043.111983
  -12255.980422   -1867.305581  161043.949199
  -12286.804355   -1852.657247  161044.834277
  -12316.551667   -1837.108617  161045.662968
  -12344.963061   -1820.980677  161046.431394
  -12371.600853   -1804.499729  161047.127317
  -12398.677606   -1786.604447  161047.814091
  -12425.006044   -1767.726703  161048.455237
  -12451.700071   -1747.755239  161049.090283
  -12478.877018   -1726.308447  161049.716719
  -12505.298934   -1703.689423  161050.293852
  -12532.341289   -1679.700665  161050.869408
  -12559.102716   -1654.347438  161051.409872
  -12585.649340   -1627.508099  161051.915514
  -12610.167552   -1599.830974  161052.330407
  -12635.219893   -1570.418556  161052.733908
  -12660.075886   -1539.383741  161053.100818
  -12683.166804   -1507.287594  161053.382764
  -12706.271895   -1473.414336  161053.633176
  -12728.705257   -1437.941589  161053.829684
  -12750.650426   -1400.880565  161053.979333
  -12772.194372   -1361.961754  161054.080505
  -12792.272420   -1321.584300  161054.100700
  -12811.722409   -1279.442450  161054.065643
  -12830.095532   -1235.535598  161053.958589
  -12847.062412   -1190.044714  161053.770522
  -12863.358099   -1142.565599  161053.521556
  -12877.782051   -1093.500827  161053.174189
  -12891.589644   -1042.427713  161052.767607
  -12903.831064    -989.539598  161052.269880
  -12914.607082    -934.886206  161051.685662
  -12923.914031    -878.309793  161051.011973
  -12932.103657    -819.836874  161050.262405
  -12937.939782    -759.633241  161049.393855
  -12942.996116    -697.382794  161048.459301
  -12945.555580    -633.418011  161047.400714
  -12946.622122    -567.563941  161046.252375
  -12945.672324    -499.889153  161044.996002
  -12942.207900    -430.597814  161043.616699
  -12937.463422    -359.332998  161042.154061
  -12929.882811    -286.559348  161040.558448
  -12920.626730    -211.950613  161038.867253
  -12907.689880    -136.113245  161037.016643
  -12892.883396     -58.574723  161035.065628
  -12875.464111      20.373527  161032.991753
  -12855.670767     100.800708  161030.802673
  -12831.920341     182.158359  161028.449254
  -12806.205154     264.978315  161025.996192
  -12777.106316     348.712145  161023.400474
  -12744.482149     433.316553  161020.657596
  -12709.007223     518.785524  161017.792823
  -12670.454703     605.025664  161014.799379
  -12628.602123     691.824338  161011.672807
  -12582.496166     778.795706  161008.384520
  -12534.087216     866.361892  161004.999628
  -12481.423036     953.799250  161001.458392
  -12426.158743    1041.467504  160997.816038
  -12367.733309    1128.987014  160994.058495
  -12305.777147    1216.122292  160990.176231
  -12241.194383    1302.950491  160986.201568
  -12174.258034    1389.309140  160982.147615
  -12104.926491    1475.066722  160978.015196
  -12033.427124    1560.026690  160973.816333
  -11960.133431    1644.080763  160969.566908
  -11884.741208    1726.994485  160965.259806
  -11809.203805    1808.993734  160960.963790
  -11732.779372    1889.699863  160956.658028
  -11656.050530    1969.082308  160952.364796
  -11580.133158    2047.121496  160948.126057
  -11505.992686    2123.910946  160943.976122
  -11433.148128    2199.119752  160939.903026
  -11362.559722    2272.675848  160935.943874
  -11295.817494    2344.834011  160932.153359
  -11231.872385    2415.095272  160928.501365
  -11171.162903    2483.292079  160925.007267
  -11114.564912    2549.504987  160921.702269
  -11061.719703    2613.457625  160918.577984
  -11013.294268    2674.966808  160915.662585
  -10969.416937    2733.940909  160912.962512
  -10929.815187    2790.170348  160910.471385
  -10894.981002    2843.512795  160908.210115
  -10863.501958    2893.416070  160906.135998
  -10837.951348    2940.490470  160904.333978
  -10815.171655    2983.668716  160902.705571
  -10795.376983    3022.783559  160901.261779
  -10778.525104    3057.829199  160900.001133
  -10764.514137    3088.674448  160898.922199
  -10753.259461    3114.979271  160898.027957
  -10744.478089    3136.717384  160897.308330
  -10737.851028    3154.038983  160896.748713
  -10733.307540    3166.449016  160896.355400
  -10730.876917    3173.282092  160896.141489
