  -10442.792704    3369.716986  167917.341100
  -10439.651643    3361.528825  167917.350293
  -10433.937686    3346.524279  167917.368673
  -10426.071735    3325.589466  167917.398209
  -10416.336496    3299.211793  167917.441854
  -10404.724534    3267.117829  167917.503480
  -10391.383896    3229.329112  167917.588179
  -10376.575664    3186.277290  167917.698957
  -10360.416710    3137.971319  167917.839956
  -10343.011349    3084.451338  167918.014383
  -10324.543897    3026.086662  167918.223383
  -10306.056259    2963.233119  167918.499679
  -10286.111652    2895.605771  167918.795029
  -10265.257611    2823.620580  167919.123157
  -10243.359447    2747.451485  167919.476501
  -10221.876235    2667.512939  167919.902155
  -10198.984714    2583.604083  167920.336465
  -10175.797106    2496.300191  167920.811400
  -10152.141487    2405.687668  167921.319360
  -10129.415912    2312.303314  167921.903354
  -10106.672937    2216.208613  167922.527790
  -10084.308906    2117.633091  167923.203689
  -10061.833120    2016.722626  167923.910889
  -10040.676667    1914.094957  167924.692381
  -10019.889005    1809.697639  167925.514185
  -10000.361078    1703.954912  167926.402465
   -9981.682533    1597.058797  167927.339299
   -9963.384160    1489.058025  167928.306783
   -9946.955770    1380.560721  167929.350202
   -9932.133199    1271.712087  167930.457692
   -9917.940126    1162.448292  167931.594502
   -9905.946710    1053.423606  167932.808158
   -9895.486520     944.631659  167934.074377
   -9885.731326     836.081127  167935.362727
   -9878.718775     728.462099  167936.737293
   -9872.583553     621.456801  167938.134652
   -9868.290362     515.539818  167939.582903
   -9866.339814     410.929847  167941.097045
   -9866.128450     307.668467  167942.654372
   -9868.242050     206.049901  167944.271853
   -9872.240719     106.067103  167945.933504
   -9877.903454       7.874852  167947.628892
   -9886.001754     -88.304646  167949.382875
   -9895.879405    -182.447186  167951.171079
   -9907.831973    -274.430540  167953.002463
   -9920.580406    -364.408383  167954.832567
   -9936.822770    -451.708237  167956.749900
   -9953.512862    -536.938300  167958.652242
   -9972.283008    -619.623014  167960.592100
   -9992.912023    -699.811476  167962.562127
  -10015.520497    -777.358013  167964.564527
  -10038.977289    -852.547670  167966.562239
  -10064.479561    -924.984493  167968.593057
  -10091.126338    -994.919424  167970.627825
  -10119.226406   -1062.187668  167972.675342
  -10148.506974   -1126.912057  167974.727489
  -10178.904589   -1189.010421  167976.780701
  -10210.346065   -1248.561286  167978.833489
  -10243.253436   -1305.425681  167980.899186
  -10277.180128   -1359.708390  167982.963045
  -10312.033189   -1411.475341  167985.022663
  -10347.475181   -1460.761799  167987.066231
  -10383.423277   -1507.705053  167989.092800
  -10420.140719   -1552.139091  167991.109483
  -10457.235320   -1594.337816  167993.106084
  -10495.162764   -1634.058530  167995.095596
  -10532.573024   -1671.748102  167997.035403
  -10571.371657   -1706.989232  167998.988891
  -10609.648329   -1740.177633  168000.892173
  -10648.414694   -1771.281266  168002.781772
  -10687.509617   -1800.211332  168004.650447
  -10726.844214   -1827.180071  168006.498164
  -10766.452046   -1852.185695  168008.326123
  -10805.883623   -1875.243043  168010.118105
  -10845.319132   -1896.578239  168011.884130
  -10884.073527   -1916.241421  168013.599896
  -10922.825312   -1934.127282  168015.288630
  -10962.004075   -1950.361291  168016.967947
  -11000.260061   -1965.084505  168018.590608
  -11038.137432   -1978.300707  168020.176578
  -11075.836234   -1990.146681  168021.735248
  -11113.573015   -2000.398837  168023.271151
  -11151.356041   -2009.196891  168024.786707
  -11187.552894   -2017.118342  168026.230950
  -11223.305639   -2023.722841  168027.638986
  -11258.508722   -2029.096103  168029.008253
  -11292.681114   -2033.673300  168030.327749
  -11326.651982   -2037.083537  168031.622186
  -11360.084553   -2039.288324  168032.878661
  -11395.817848   -2040.150107  168034.198947
  -11432.976235   -2039.727353  168035.551899
  -11473.092061   -2037.425144  168036.984556
  -11508.928289   -2035.093302  168038.260205
  -11552.167255   -2030.586091  168039.773696
  -11584.750544   -2027.492810  168040.918802
  -11613.504707   -2023.924520  168041.916629
  -11634.698433   -2021.281307  168042.651894
  -11666.411095   -2015.991865  168043.731864
  -11681.640140   -2013.811950  168044.255947
  -11694.562087   -2011.385402  168044.691891
  -11730.953994   -2002.866109  168045.894089
  -11744.225670   -1998.719925  168046.316763
  -11773.975948   -1990.366880  168047.278512
  -11796.441134   -1983.313777  168047.993453
  -11823.650223   -1974.448983  168048.854481
  -11855.293825   -1963.269297  168049.842651
  -11893.124312   -1949.765120  168051.021924
  -11923.791580   -1937.318674  168051.955177
  -11956.626653   -1923.388863  168052.945253
  -11988.377268   -1908.471086  168053.880682
  -12018.758469   -1892.889048  168054.755947
  -12047.303203   -1876.859659  168055.557248
  -12076.368834   -1859.372733  168056.355514
  -12104.696469   -1840.826600  168057.110729
  -12133.454209   -1821.154498  168057.864612
  -12162.781443   -1799.963111  168058.616303
  -12191.372057   -1777.514039  168059.321984
  -12220.671101   -1753.662060  168060.032318
  -12249.737098   -1728.372675  168060.712342
  -12278.644475   -1701.521786  168061.362895
  -12305.470732   -1673.705977  168061.922691
  -12332.931449   -1644.101670  168062.478591
  -12360.258841   -1612.794354  168063.003802
  -12385.789981   -1580.300349  168063.445314
  -12411.414470   -1545.951104  168063.862124
  -12436.408209   -1509.901678  168064.230090
  -12460.962361   -1472.171924  168064.556508
  -12485.179652   -1432.484246  168064.840927
  -12507.930665   -1391.208236  168065.047632
  -12530.103821   -1348.061767  168065.204849
  -12551.230482   -1303.024293  168065.295121
  -12570.958701   -1256.270187  168065.308216
  -12590.073913   -1207.409954  168065.266965
  -12607.304669   -1156.810740  168065.130419
  -12623.980567   -1104.086828  168064.941372
  -12639.101227   -1049.397984  168064.665649
  -12652.769680    -992.800607  168064.307873
  -12664.989069    -934.129799  168063.865662
  -12676.125529    -873.428858  168063.353064
  -12684.880864    -810.816072  168062.724382
  -12692.912380    -746.031161  168062.036299
  -12698.412336    -679.345147  168061.226790
  -12702.436828    -610.619873  168060.332398
  -12704.436252    -539.903722  168059.333748
  -12703.881253    -467.387800  168058.214373
  -12702.076796    -392.754141  168057.017192
  -12697.377424    -316.418935  168055.688317
  -12691.009570    -238.092974  168054.268232
  -12680.852411    -158.320607  168052.687602
  -12668.818095     -76.688735  168051.010117
  -12654.117696       6.531275  168049.211028
  -12637.003575      91.401101  168047.298634
  -12615.798435     177.418216  168045.219190
  -12592.606245     265.049623  168043.042587
  -12565.921102     353.785542  168040.721462
  -12535.593145     443.587048  168038.250923
  -12502.326523     534.417924  168035.657277
  -12465.880238     626.190705  168032.933034
  -12426.012581     718.693201  168030.072568
  -12381.711008     811.564776  168027.044303
  -12335.030845     905.159717  168023.918059
  -12283.901503     998.808932  168020.628229
  -12230.067223    1092.814647  168017.234041
  -12172.925374    1186.805292  168013.719081
  -12112.079612    1280.551341  168010.072329
  -12048.477471    1374.093247  168006.327835
  -11982.396867    1467.249228  168002.498521
  -11913.788535    1559.883781  167998.584638
  -11842.881218    1651.781562  167994.597819
  -11770.060151    1742.812917  167990.554121
  -11694.997310    1832.746499  167986.445051
  -11619.742445    1921.731523  167982.343333
  -11543.504152    2009.405476  167978.225509
  -11466.889474    2095.710589  167974.114662
  -11391.062796    2180.576909  167970.054449
  -11317.036389    2264.059260  167966.081072
  -11244.293366    2345.833414  167962.180534
  -11173.833257    2425.781504  167958.391187
  -11107.327697    2504.099046  167954.771223
  -11043.659159    2580.311505  167951.286950
  -10983.278146    2654.224448  167947.957796
  -10927.102831    2725.883136  167944.816664
  -10874.746421    2795.014865  167941.853538
  -10826.897319    2861.398737  167939.096950
  -10783.685481    2924.933370  167936.553190
  -10744.817067    2985.411988  167934.214642
  -10710.799532    3042.664123  167932.102454
  -10680.133562    3096.175795  167930.169568
  -10655.533268    3146.470168  167928.507344
  -10633.654268    3192.572766  167927.008204
  -10614.712746    3234.299427  167925.682849
  -10598.664350    3271.645970  167924.529718
  -10585.396891    3304.479913  167923.546716
  -10574.806977    3332.449905  167922.735386
  -10566.597939    3355.541054  167922.085100
  -10560.443309    3373.924368  167921.581323
  -10556.247339    3387.085992  167921.228342
  -10554.011207    3394.329748  167921.036749
