  -10492.117512    3311.130271  165574.531138
  -10489.157255    3303.018426  165574.554117
  -10483.773965    3288.154405  165574.597737
  -10476.367722    3267.417379  165574.662426
  -10467.208985    3241.291763  165574.750262
  -10456.294846    3209.508253  165574.865523
  -10443.770709    3172.090449  165575.013181
  -10429.886642    3129.467524  165575.195463
  -10414.757563    3081.650186  165575.416428
  -10398.485520    3028.679641  165575.679166
  -10381.246013    2970.922451  165575.984175
  -10364.059052    2908.745793  165576.363058
  -10345.514728    2841.845885  165576.768815
  -10326.145376    2770.641095  165577.214250
  -10305.815590    2695.300478  165577.691621
  -10285.955134    2616.255683  165578.246578
  -10264.772258    2533.279439  165578.816808
  -10243.352658    2446.956098  165579.432799
  -10221.525681    2357.367940  165580.086925
  -10200.659045    2265.066067  165580.820603
  -10179.819003    2170.095664  165581.598697
  -10159.392053    2072.689112  165582.431665
  -10138.892749    1972.982074  165583.299412
  -10119.720024    1871.605873  165584.243203
  -10100.938921    1768.493483  165585.229681
  -10083.419724    1664.076983  165586.283878
  -10066.755346    1558.538767  165587.387826
  -10050.483066    1451.919209  165588.523821
  -10036.059784    1344.841116  165589.735399
  -10023.223088    1237.443156  165591.010636
  -10011.012827    1129.646678  165592.315438
  -10000.964257    1022.121220  165593.695469
   -9992.421384     914.849716  165595.126837
   -9984.568680     807.827294  165596.579578
   -9979.401064     701.766325  165598.115592
   -9975.087272     596.323761  165599.672995
   -9972.569389     491.982439  165601.278637
   -9972.336740     388.965767  165602.946908
   -9973.794549     287.304905  165604.655389
   -9977.514768     187.298992  165606.420281
   -9983.064436      88.933967  165608.225864
   -9990.223480      -7.641372  165610.061607
   -9999.747852    -102.195779  165611.951597
  -10010.991122    -194.716050  165613.871802
  -10024.242301    -285.077071  165615.830835
  -10038.244650    -373.450842  165617.785194
  -10055.643548    -459.131637  165619.820853
  -10073.449840    -542.767540  165621.838235
  -10093.262870    -623.863944  165623.888211
  -10114.865673    -702.472764  165625.963634
  -10138.374619    -778.448640  165628.066424
  -10162.680706    -852.090505  165630.160591
  -10188.956146    -922.989169  165632.282658
  -10216.317979    -991.406267  165634.404357
  -10245.067549   -1057.174563  165636.534066
  -10274.938273   -1120.419400  165638.664005
  -10305.866358   -1181.060910  165640.790523
  -10337.781020   -1239.177586  165642.912290
  -10371.095506   -1294.625780  165645.042193
  -10405.371857   -1347.515880  165647.165893
  -10440.519627   -1397.914298  165649.281139
  -10476.207178   -1445.861213  165651.376367
  -10512.355183   -1491.493124  165653.450877
  -10549.220124   -1534.642336  165655.511388
  -10586.420313   -1575.584847  165657.548331
  -10624.400455   -1614.074349  165659.574079
  -10661.838664   -1650.572634  165661.547450
  -10700.604216   -1684.638024  165663.530121
  -10738.822786   -1716.691023  165665.459885
  -10777.489822   -1746.683706  165667.372633
  -10816.445256   -1774.531262  165669.261090
  -10855.605005   -1800.444075  165671.125581
  -10895.002082   -1824.419840  165672.967286
  -10934.194205   -1846.480447  165674.770266
  -10973.362418   -1866.845587  165676.544767
  -11011.833103   -1885.575714  165678.266957
  -11050.272545   -1902.556170  165679.959516
  -11089.105696   -1917.903517  165681.639997
  -11127.006004   -1931.778481  165683.262144
  -11164.509257   -1944.175972  165684.845613
  -11201.814604   -1955.227411  165686.399881
  -11239.131628   -1964.709173  165687.929030
  -11276.470721   -1972.758671  165689.435677
  -11312.234095   -1979.970869  165690.870644
  -11347.539000   -1985.893764  165692.267734
  -11382.282904   -1990.613449  165693.624571
  -11415.999256   -1994.566125  165694.931067
  -11449.498383   -1997.373231  165696.210912
  -11482.448112   -1999.002330  165697.451343
  -11517.641224   -1999.272025  165698.752295
  -11554.216605   -1998.254056  165700.083212
  -11593.673248   -1995.337928  165701.489381
  -11628.916174   -1992.461937  165702.740965
  -11671.411955   -1987.324478  165704.222943
  -11703.440098   -1983.751557  165705.344745
  -11731.690829   -1979.773017  165706.320780
  -11752.513278   -1976.827627  165707.039964
  -11783.648865   -1971.106758  165708.093921
  -11798.606597   -1968.714067  165708.606037
  -11811.289027   -1966.115939  165709.030985
  -11846.979195   -1957.139606  165710.199748
  -11859.978189   -1952.842888  165710.608709
  -11889.132396   -1944.137783  165711.541093
  -11911.135447   -1936.830410  165712.232771
  -11937.779613   -1927.662658  165713.065151
  -11968.752184   -1916.144155  165714.018731
  -12005.778204   -1902.237070  165715.156449
  -12035.769144   -1889.487294  165716.053823
  -12067.870344   -1875.242087  165717.004600
  -12098.887963   -1860.041822  165717.899911
  -12128.546686   -1844.209792  165718.734875
  -12156.390202   -1827.967101  165719.496279
  -12184.723023   -1810.281077  165720.252216
  -12212.312203   -1791.564251  165720.963978
  -12240.306654   -1771.731979  165721.672514
  -12268.837259   -1750.394798  165722.376307
  -12296.622376   -1727.831397  165723.032675
  -12325.082304   -1703.875407  165723.691237
  -12353.289610   -1678.508113  165724.317519
  -12381.315564   -1651.606137  165724.912140
  -12407.277102   -1623.787934  165725.415790
  -12433.834407   -1594.198738  165725.912563
  -12460.232982   -1562.935144  165726.376233
  -12484.844012   -1530.532385  165726.755504
  -12509.517013   -1496.301690  165727.107305
  -12533.541617   -1460.407439  165727.408139
  -12557.106340   -1422.866079  165727.665221
  -12580.307840   -1383.402662  165727.877634
  -12602.040175   -1342.399332  165728.010856
  -12623.173437   -1299.563954  165728.092186
  -12643.245923   -1254.883891  165728.104409
  -12661.913958   -1208.536510  165728.037750
  -12679.944514   -1160.125643  165727.914018
  -12696.091779   -1110.033324  165727.693533
  -12711.658513   -1057.858296  165727.417760
  -12725.662425   -1003.774044  165727.053333
  -12738.205858    -947.834423  165726.604899
  -12749.289246    -889.877045  165726.069832
  -12759.273746    -829.938606  165725.462033
  -12766.883199    -768.156580  165724.736726
  -12773.745015    -704.247891  165723.949258
  -12778.083855    -638.508627  165723.039043
  -12780.937211    -570.785673  165722.041812
  -12781.764782    -501.135563  165720.938579
  -12780.048503    -429.755006  165719.713460
  -12777.067976    -356.309842  165718.408158
  -12771.209973    -281.236444  165716.970343
  -12763.677241    -204.230233  165715.439367
  -12752.390629    -125.861453  165713.747914
  -12739.225968     -45.692450  165711.957968
  -12723.410943      35.996845  165710.045633
  -12705.193009     119.271239  165708.018970
  -12682.928982     203.608846  165705.825937
  -12658.682674     289.503492  165703.534530
  -12630.979756     376.428924  165701.098998
  -12599.673319     464.344396  165698.514592
  -12565.457178     553.225658  165695.807268
  -12528.095483     642.982699  165692.969803
  -12487.353696     733.402712  165689.997018
  -12442.240791     824.114263  165686.858451
  -12394.774510     915.499423  165683.622217
  -12342.927163    1006.865959  165680.224882
  -12288.411071    1098.539651  165676.724227
  -12230.638940    1190.144941  165673.104728
  -12169.224276    1281.449449  165669.355930
  -12105.099268    1372.508345  165665.511276
  -12038.540453    1463.147172  165661.583796
  -11969.501519    1553.231735  165657.573966
  -11898.211133    1642.553736  165653.493603
  -11825.050651    1730.991776  165649.358731
  -11749.700866    1818.312790  165645.161385
  -11674.177338    1904.696868  165640.972888
  -11597.706782    1989.774315  165636.770771
  -11520.887761    2073.498087  165632.577849
  -11444.867733    2155.818176  165628.437212
  -11370.642387    2236.804950  165624.384397
  -11297.708083    2316.130844  165620.406180
  -11227.050754    2393.696010  165616.540509
  -11160.312958    2469.719998  165612.844326
  -11096.402155    2543.717547  165609.285279
  -11035.764997    2615.504540  165605.882819
  -10979.304691    2685.140404  165602.669255
  -10926.644840    2752.350408  165599.635191
  -10878.466735    2816.928233  165596.809086
  -10834.899956    2878.776175  165594.197304
  -10795.658552    2937.685914  165591.792700
  -10761.244861    2993.497846  165589.616381
  -10730.191109    3045.681694  165587.622902
  -10705.160883    3094.796450  165585.901294
  -10682.877378    3139.828613  165584.347334
  -10663.556398    3180.600383  165582.971865
  -10647.154346    3217.106924  165581.773360
  -10633.562912    3249.215996  165580.749981
  -10622.685972    3276.580030  165579.903845
  -10614.231700    3299.179563  165579.224517
  -10607.875930    3317.177658  165578.697400
  -10603.532690    3330.066891  165578.327586
  -10601.214369    3337.161917  165578.126687
