  -10882.479304    2838.291616  156221.699098
  -10879.932253    2830.431787  156221.751084
  -10875.304317    2816.030994  156221.847788
  -10868.947321    2795.943876  156221.986362
  -10861.102945    2770.643087  156222.166998
  -10851.777820    2739.871035  156222.394778
  -10841.110155    2703.655386  156222.674363
  -10829.324066    2662.415258  156223.006291
  -10816.529059    2616.164923  156223.394398
  -10802.821272    2564.947359  156223.841482
  -10788.355706    2509.119205  156224.346662
  -10774.094851    2449.067320  156224.938758
  -10758.701183    2384.451776  156225.574012
  -10742.669093    2315.691265  156226.263100
  -10725.863198    2242.942678  156226.998004
  -10709.635538    2166.668889  156227.820720
  -10692.280804    2086.589733  156228.672582
  -10674.816702    2003.302018  156229.580541
  -10657.077181    1916.878426  156230.537010
  -10640.350778    1827.893873  156231.579502
  -10623.743076    1736.358798  156232.674293
  -10607.615515    1642.508948  156233.830511
  -10591.499177    1546.457001  156235.028464
  -10576.709643    1448.855668  156236.305218
  -10562.355257    1349.608057  156237.629171
  -10549.253077    1249.157828  156239.022624
  -10537.007475    1147.665090  156240.467743
  -10525.174588    1045.152209  156241.947472
  -10515.125724     942.265788  156243.501082
  -10506.605123     839.129204  156245.116670
  -10498.697442     735.633566  156246.761970
  -10492.847280     632.472907  156248.478109
  -10488.427977     529.607893  156250.242335
  -10484.659904     427.005250  156252.026050
  -10483.425685     325.416094  156253.885730
  -10482.986272     224.448172  156255.763547
  -10484.225603     124.596192  156257.683354
  -10487.603758      26.090931  156259.658066
  -10492.550927     -71.058687  156261.666158
  -10499.603551    -166.546578  156263.721995
  -10508.348129    -260.401378  156265.810614
  -10518.569026    -352.488541  156267.921408
  -10530.980996    -442.560439  156270.076524
  -10544.965467    -530.627130  156272.252963
  -10560.794414    -616.558849  156274.458486
  -10577.272167    -700.564145  156276.652186
  -10596.903549    -781.875434  156278.913554
  -10616.853005    -861.217250  156281.149895
  -10638.632529    -938.060568  156283.407959
  -10662.036473   -1012.462638  156285.681113
  -10687.171031   -1084.280394  156287.970651
  -10712.986231   -1153.838568  156290.243310
  -10740.588630   -1220.704789  156292.532456
  -10769.143096   -1285.160198  156294.812060
  -10798.931924   -1347.034320  156297.089504
  -10829.704592   -1406.456353  156299.357822
  -10861.397309   -1463.352172  156301.613232
  -10893.945136   -1517.799311  156303.854755
  -10927.738196   -1569.645922  156306.094165
  -10962.361573   -1619.012920  156308.318178
  -10997.731106   -1665.966973  156310.524890
  -11033.531089   -1710.558138  156312.703406
  -11069.690441   -1752.919706  156314.853562
  -11106.448547   -1792.882341  156316.981155
  -11143.450086   -1830.723325  156319.078068
  -11181.111674   -1866.191550  156321.155207
  -11218.185472   -1899.774935  156323.174950
  -11256.443432   -1930.985587  156325.194566
  -11294.108035   -1960.291328  156327.156201
  -11332.129446   -1987.611409  156329.093957
  -11370.351646   -2012.870354  156331.000571
  -11408.701587   -2036.272269  156332.877132
  -11447.210756   -2057.813792  156334.724758
  -11485.457012   -2077.531369  156336.528310
  -11523.621145   -2095.628704  156338.298385
  -11561.061161   -2112.187232  156340.012448
  -11598.410149   -2127.073947  156341.691733
  -11636.078518   -2140.385387  156343.353436
  -11672.803448   -2152.321772  156344.953977
  -11709.097076   -2162.859436  156346.512110
  -11745.154421   -2172.117047  156348.037370
  -11781.168070   -2179.873436  156349.532827
  -11817.152761   -2186.259623  156351.001492
  -11851.601495   -2191.900534  156352.398601
  -11885.566783   -2196.324795  156353.754762
  -11918.953591   -2199.618316  156355.068026
  -11951.331054   -2202.214533  156356.330373
  -11983.460768   -2203.723063  156357.563026
  -12015.023979   -2204.124543  156358.753676
  -12048.684781   -2203.147544  156359.997089
  -12083.622293   -2200.890872  156361.264350
  -12121.248500   -2196.718220  156362.596449
  -12154.846987   -2192.731795  156363.781066
  -12195.301554   -2186.328629  156365.177335
  -12225.801732   -2181.788651  156366.235430
  -12252.675801   -2176.993392  156367.152813
  -12272.483117   -2173.446601  156367.828729
  -12302.054764   -2166.884229  156368.814076
  -12316.273602   -2164.071671  156369.294288
  -12328.309632   -2161.142526  156369.690493
  -12362.122551   -2151.307702  156370.773424
  -12374.401908   -2146.743380  156371.148072
  -12401.974673   -2137.397219  156372.006265
  -12422.758411   -2129.638390  156372.639758
  -12447.914924   -2119.937953  156373.400733
  -12477.128060   -2107.838022  156374.268749
  -12512.045972   -2093.241897  156375.303772
  -12540.277446   -2079.999155  156376.113551
  -12570.474465   -2065.252545  156376.968792
  -12599.601992   -2049.630798  156377.767526
  -12627.408072   -2033.452685  156378.506288
  -12653.464112   -2016.945620  156379.173280
  -12679.937575   -1999.041375  156379.829706
  -12705.663946   -1980.177644  156380.440127
  -12731.738847   -1960.233184  156381.043336
  -12758.273815   -1938.831028  156381.636442
  -12784.053094   -1916.282605  156382.179717
  -12810.428949   -1892.379012  156382.719928
  -12836.513922   -1867.134895  156383.224087
  -12862.371847   -1840.429790  156383.692324
  -12886.223770   -1812.921092  156384.070293
  -12910.583463   -1783.698194  156384.435133
  -12934.732854   -1752.879927  156384.762160
  -12957.133195   -1721.035194  156385.004367
  -12979.528901   -1687.440547  156385.213570
  -13001.246472   -1652.278078  156385.367940
  -13022.466739   -1615.556900  156385.474425
  -13043.272515   -1577.010734  156385.531134
  -13062.619665   -1537.043765  156385.506511
  -13081.329952   -1495.346144  156385.425548
  -13098.961459   -1451.921990  156385.271755
  -13115.191765   -1406.952947  156385.036456
  -13130.740397   -1360.033314  156384.739009
  -13144.429471   -1311.572081  156384.342935
  -13157.490651   -1261.139882  156383.886348
  -13168.990743   -1208.937057  156383.338026
  -13179.029488   -1155.011507  156382.702606
  -13187.601624   -1099.207955  156381.976978
  -13195.053772   -1041.548813  156381.174555
  -13200.170482    -982.210303  156380.253084
  -13204.497976    -920.864664  156379.264372
  -13206.349040    -857.857288  156378.151658
  -13206.710361    -793.005375  156376.948497
  -13205.067285    -726.381935  156375.636966
  -13200.931318    -658.193226  156374.202625
  -13195.514326    -588.074849  156372.684064
  -13187.289004    -516.500637  156371.032921
  -13177.394764    -443.137174  156369.285652
  -13163.863470    -368.602636  156367.380080
  -13148.473478    -292.412753  156365.373781
  -13130.496094    -214.862273  156363.244969
  -13110.165664    -135.880549  156361.001103
  -13085.929231     -56.024227  156358.594416
  -13059.742935      25.251266  156356.088015
  -13030.215428     107.391039  156353.440156
  -12997.207662     190.350974  156350.646456
  -12961.383903     274.132231  156347.731793
  -12922.521780     358.640474  156344.689599
  -12880.404468     443.664001  156341.515721
  -12834.097338     528.812901  156338.182439
  -12785.516384     614.523282  156334.753391
  -12732.746941     700.062133  156331.170560
  -12677.414928     785.801022  156327.487920
  -12618.971908     871.360262  156323.692038
  -12557.056439     956.504105  156319.773787
  -12492.557945    1041.318012  156315.764904
  -12425.746947    1125.644881  156311.678477
  -12356.583851    1209.354779  156307.515458
  -12285.294587    1292.256572  156303.287904
  -12212.248048    1374.247568  156299.011567
  -12137.147156    1455.093724  156294.679703
  -12061.912880    1535.037955  156290.359761
  -11985.818733    1613.699649  156286.031650
  -11909.438700    1691.054830  156281.717334
  -11833.871718    1767.095947  156277.458148
  -11760.067400    1841.925215  156273.287770
  -11687.555615    1915.211771  156269.194784
  -11617.282597    1986.894740  156265.215802
  -11550.811272    2057.241676  156261.404389
  -11487.113923    2125.750273  156257.731445
  -11426.624071    2192.260160  156254.216229
  -11370.203277    2256.859852  156250.889376
  -11317.501236    2319.273463  156247.742930
  -11269.176605    2379.327630  156244.804834
  -11225.356701    2436.933485  156242.081526
  -11185.775382    2491.881810  156239.566957
  -11150.918559    2544.037633  156237.281872
  -11119.401290    2592.842438  156235.184836
  -11093.750938    2638.924153  156233.358804
  -11070.869674    2681.198766  156231.707996
  -11050.970062    2719.503848  156230.243425
  -11034.010582    2753.833246  156228.963651
  -11019.892292    2784.056722  156227.867409
  -11008.535427    2809.838582  156226.958007
  -10999.661625    2831.149977  156226.225552
  -10992.955224    2848.135443  156225.655500
  -10988.351751    2860.306799  156225.254592
  -10985.887007    2867.009204  156225.036458
