   -9967.136566    3520.949404  191344.774109
   -9966.867600    3518.009364  191344.782432
   -9965.904216    3510.997929  191344.790953
   -9963.405833    3498.077436  191344.781216
   -9960.795081    3480.104515  191344.798091
   -9957.492827    3457.421610  191344.819130
   -9953.463519    3429.774285  191344.844621
   -9948.702860    3397.151694  191344.874480
   -9943.259088    3359.903630  191344.908286
   -9937.128357    3318.014050  191344.946003
   -9930.304124    3271.498094  191344.987308
   -9922.838224    3220.663975  191345.032160
   -9914.725957    3165.626488  191345.079700
   -9905.891904    3106.410500  191345.127123
   -9896.281517    3043.283570  191345.170892
   -9885.961716    2976.440019  191345.212186
   -9874.951280    2905.965261  191345.251148
   -9863.311934    2832.053166  191345.288778
   -9851.064346    2755.009242  191345.323954
   -9838.224596    2674.950085  191345.356538
   -9824.904555    2592.094867  191345.389138
   -9811.113804    2506.695768  191345.420566
   -9797.017711    2418.898058  191345.455762
   -9782.611622    2328.936971  191345.493140
   -9767.960008    2237.095637  191345.533253
   -9753.169749    2143.529954  191345.578920
   -9738.305967    2048.455036  191345.631131
   -9723.486425    1952.142929  191345.692383
   -9708.849620    1854.747042  191345.766620
   -9694.357933    1756.520693  191345.850987
   -9680.182172    1657.667226  191345.950263
   -9666.367335    1558.331930  191346.065152
   -9652.941082    1458.799975  191346.194902
   -9640.032419    1359.213472  191346.343193
   -9627.652028    1259.751389  191346.509317
   -9615.905688    1160.642838  191346.695610
   -9604.889641    1061.985198  191346.904869
   -9594.557230     964.015291  191347.134020
   -9584.998604     866.840437  191347.385585
   -9576.407597     770.639798  191347.665301
   -9568.765974     675.563644  191347.971616
   -9562.248342     581.710922  191348.310075
   -9556.812541     489.266482  191348.678076
   -9552.522052     398.282962  191349.077535
   -9549.373771     308.917187  191349.507394
   -9547.529422     221.235564  191349.972940
   -9546.885164     135.349512  191350.469847
   -9547.523455      51.334267  191351.000560
   -9549.454481     -30.746450  191351.565052
   -9552.632890    -110.791850  191352.161118
   -9557.089846    -188.799226  191352.789837
   -9562.945766    -264.648158  191353.454719
   -9570.037129    -338.384262  191354.150286
   -9578.478255    -409.877174  191354.879770
   -9588.200473    -479.179986  191355.641079
   -9599.144192    -546.208852  191356.431607
   -9611.283195    -611.023650  191357.250794
   -9624.615030    -673.535574  191358.098017
   -9639.123867    -733.803598  191358.973076
   -9654.707416    -791.794714  191359.872172
   -9671.345349    -847.515924  191360.794633
   -9688.958154    -901.016022  191361.737956
   -9707.438796    -952.267649  191362.698209
   -9726.708415   -1001.387618  191363.673326
   -9746.690940   -1048.283041  191364.660067
   -9767.307712   -1093.133551  191365.656752
   -9788.469575   -1135.815979  191366.659498
   -9810.079138   -1176.474929  191367.665755
   -9832.131657   -1215.116050  191368.675390
   -9854.474247   -1251.726435  191369.682945
   -9877.070254   -1286.487305  191370.688227
   -9899.831871   -1319.291084  191371.687496
   -9922.717247   -1350.319444  191372.680379
   -9945.648917   -1379.584347  191373.664223
   -9968.469501   -1407.020915  191374.633097
   -9991.329991   -1432.862147  191375.593725
  -10014.076853   -1457.027119  191376.540214
  -10036.609795   -1479.566432  191377.469342
  -10059.055438   -1500.673311  191378.386733
  -10081.157055   -1520.223430  191379.282603
  -10102.986872   -1538.325717  191380.160151
  -10124.621610   -1555.141075  191381.023050
  -10145.860333   -1570.524625  191381.863355
  -10166.750644   -1584.603143  191382.683506
  -10187.491432   -1597.558343  191383.491602
  -10207.761391   -1609.245322  191384.275459
  -10227.466776   -1619.729823  191385.032179
  -10247.168684   -1629.266834  191385.783045
  -10266.249734   -1637.737164  191386.505614
  -10284.586655   -1645.046789  191387.194981
  -10303.101607   -1651.571202  191387.885862
  -10321.061786   -1657.248360  191388.552098
  -10338.311902   -1661.856111  191389.186883
  -10355.208924   -1665.588623  191389.803949
  -10371.539047   -1668.878138  191390.398391
  -10388.614332   -1671.223229  191391.013337
  -10403.989729   -1672.490608  191391.561956
  -10421.429807   -1672.882257  191392.177918
  -10443.514870   -1672.582557  191392.953122
  -10458.902356   -1672.356508  191393.493132
  -10464.079834   -1672.315363  191393.675042
  -10469.145607   -1671.467037  191393.848139
  -10483.911301   -1669.074740  191394.353167
  -10504.892564   -1665.634782  191395.070539
  -10521.791861   -1662.256042  191395.644666
  -10535.929841   -1658.415401  191396.118847
  -10551.536034   -1653.216710  191396.636469
  -10565.861594   -1647.249504  191397.104386
  -10580.550043   -1640.758564  191397.581901
  -10596.005578   -1633.274168  191398.080395
  -10611.862191   -1624.618643  191398.585915
  -10627.922405   -1615.050010  191399.093074
  -10643.883551   -1604.699281  191399.592017
  -10660.267948   -1593.070768  191400.098121
  -10677.090233   -1580.273166  191400.612558
  -10693.893010   -1566.524229  191401.120554
  -10711.037074   -1551.457498  191401.632585
  -10728.587705   -1535.041123  191402.150756
  -10746.143294   -1517.472305  191402.662130
  -10763.996166   -1498.500495  191403.175475
  -10782.085835   -1478.031454  191403.688094
  -10800.280348   -1456.233731  191404.196363
  -10818.660860   -1432.896060  191404.701861
  -10837.220628   -1407.940480  191405.203878
  -10855.747984   -1381.521517  191405.695901
  -10874.306254   -1353.403271  191406.178732
  -10892.827461   -1323.586408  191406.649984
  -10911.233442   -1292.135316  191407.107295
  -10929.529933   -1258.813857  191407.549438
  -10947.560158   -1223.745611  191407.971647
  -10965.322567   -1186.852166  191408.373391
  -10982.708574   -1148.027749  191408.750211
  -10999.606353   -1107.371090  191409.098770
  -11016.009207   -1064.683787  191409.417630
  -11031.726494   -1020.060940  191409.700662
  -11046.704270    -973.423451  191409.945487
  -11060.880452    -924.719110  191410.149607
  -11074.089922    -874.035565  191410.307741
  -11086.267695    -821.226603  191410.416720
  -11097.340555    -766.413784  191410.474701
  -11107.170347    -709.452010  191410.475948
  -11115.625368    -650.452210  191410.416497
  -11122.679692    -589.296198  191410.294722
  -11128.205911    -526.084057  191410.106744
  -11132.115069    -460.755438  191409.849070
  -11134.340291    -393.384220  191409.519793
  -11134.744276    -323.956146  191409.113997
  -11133.242767    -252.525658  191408.629046
  -11129.829220    -179.077615  191408.064618
  -11124.249765    -103.702137  191407.412327
  -11116.536466     -26.406911  191406.673348
  -11106.525555      52.704823  191405.842543
  -11094.221776     133.638713  191404.920045
  -11079.448476     216.258981  191403.900460
  -11062.158904     300.561569  191402.782168
  -11042.242337     386.374532  191401.562313
  -11019.725197     473.694929  191400.241843
  -10994.487719     562.334322  191398.817684
  -10966.537795     652.261977  191397.290300
  -10935.919182     743.335075  191395.662095
  -10902.621896     835.427074  191393.933482
  -10866.680002     928.446677  191392.106212
  -10828.260775    1022.214662  191390.187255
  -10787.552760    1116.668855  191388.183620
  -10744.808591    1211.611263  191386.105394
  -10700.242089    1306.929544  191383.960779
  -10654.292680    1402.504763  191381.765955
  -10607.369277    1498.147261  191379.536456
  -10559.892125    1593.778329  191377.287544
  -10512.458932    1689.203758  191375.041422
  -10465.585442    1784.269348  191372.817169
  -10419.730961    1878.868364  191370.631591
  -10375.475565    1972.768409  191368.506501
  -10333.260031    2065.834956  191366.458222
  -10293.458057    2157.922418  191364.500782
  -10256.308693    2248.747841  191362.644304
  -10222.002036    2338.170638  191360.896326
  -10190.923524    2426.030531  191359.271378
  -10163.281939    2512.031466  191357.778597
  -10138.795142    2595.986614  191356.409187
  -10117.392818    2677.680413  191355.161979
  -10099.015239    2756.835381  191354.036548
  -10083.534749    2833.293816  191353.029358
  -10070.872690    2906.876084  191352.138729
  -10060.944463    2977.229236  191351.363819
  -10053.640942    3044.223358  191350.701574
  -10048.386408    3107.677548  191350.132833
  -10045.104651    3167.323367  191349.656540
  -10043.524373    3222.969691  191349.264305
  -10043.553175    3274.535188  191348.953369
  -10044.622534    3321.755796  191348.705328
  -10046.465196    3364.393616  191348.512218
  -10048.820996    3402.431293  191348.364991
  -10051.449149    3435.748426  191348.255902
  -10054.095239    3464.019210  191348.177974
  -10056.563031    3487.273734  191348.124118
  -10058.708523    3505.724659  191348.087983
  -10060.342287    3518.899968  191348.065758
  -10061.275496    3526.139185  191348.054797
  -10061.673670    3529.158518  191348.050540
