  -11742.377382     -11.790839  271035.134137
  -11742.325814     -12.068845  271035.131915
  -11742.203902     -12.729183  271035.126657
  -11741.978471     -13.940012  271035.116949
  -11741.662048     -15.631447  271035.103335
  -11741.259946     -17.766018  271035.086057
  -11740.765641     -20.367639  271035.064852
  -11740.176607     -23.437256  271035.039629
  -11739.497564     -26.941899  271035.010603
  -11738.726475     -30.883026  271034.977700
  -11737.862372     -35.259114  271034.940890
  -11736.910386     -40.041208  271034.900396
  -11735.855238     -45.217954  271034.855700
  -11734.709507     -50.786616  271034.807246
  -11733.467246     -56.721009  271034.754867
  -11732.138355     -63.003306  271034.698935
  -11730.711995     -69.625254  271034.639084
  -11729.204072     -76.569159  271034.575896
  -11727.598193     -83.805600  271034.508843
  -11725.917122     -91.324045  271034.438736
  -11724.159288     -99.104417  271034.365551
  -11722.324208    -107.122650  271034.289308
  -11720.409149    -115.366158  271034.209929
  -11718.423607    -123.812595  271034.127782
  -11716.376666    -132.435601  271034.043221
  -11714.272630    -141.221235  271033.956421
  -11712.115938    -150.149551  271033.867564
  -11709.942671    -159.196272  271033.777949
  -11707.727089    -168.347312  271033.686699
  -11705.518778    -177.579189  271033.595579
  -11703.300107    -186.873481  271033.504004
  -11701.101403    -196.217314  271033.413051
  -11698.914737    -205.583458  271033.322485
  -11696.789938    -214.960461  271033.234064
  -11694.720364    -224.331143  271033.147582
  -11692.721988    -233.674802  271033.063628
  -11690.789986    -242.982814  271032.982047
  -11688.936370    -252.232389  271032.903294
  -11687.201390    -261.414877  271032.828786
  -11685.529817    -270.513546  271032.756620
  -11683.954001    -279.514566  271032.687948
  -11682.529179    -288.411114  271032.624709
  -11681.201677    -297.183988  271032.565057
  -11680.049181    -305.830358  271032.511711
  -11678.997931    -314.333596  271032.462119
  -11678.098593    -322.689787  271032.418056
  -11677.358422    -330.887562  271032.379794
  -11676.782566    -338.920517  271032.347523
  -11676.338617    -346.781939  271032.320119
  -11676.098372    -354.463359  271032.300104
  -11675.993754    -361.963302  271032.285102
  -11676.099574    -369.272866  271032.277740
  -11676.328669    -376.393170  271032.274972
  -11676.691298    -383.312911  271032.277172
  -11677.188865    -390.036629  271032.284383
  -11677.834569    -396.556090  271032.297079
  -11678.620783    -402.876643  271032.314984
  -11679.477609    -408.988255  271032.335673
  -11680.425952    -414.896891  271032.359866
  -11681.468403    -420.598598  271032.387660
  -11682.599443    -426.093758  271032.418862
  -11683.752410    -431.384937  271032.451138
  -11685.010475    -436.470428  271032.487397
  -11686.302830    -441.359220  271032.525152
  -11687.626176    -446.041723  271032.564302
  -11688.999679    -450.534887  271032.605490
  -11690.403586    -454.825757  271032.648047
  -11691.839118    -458.927388  271032.691995
  -11693.287742    -462.839881  271032.736687
  -11694.743507    -466.560601  271032.781918
  -11696.215054    -470.106773  271032.827964
  -11697.690609    -473.467117  271032.874432
  -11699.170803    -476.658686  271032.921317
  -11700.650623    -479.681872  271032.968444
  -11702.118714    -482.528912  271033.015428
  -11703.580578    -485.223479  271033.062424
  -11705.023894    -487.756284  271033.109018
  -11706.452581    -490.131423  271033.155339
  -11707.871723    -492.368548  271033.201535
  -11709.268107    -494.453342  271033.247166
  -11710.639494    -496.396782  271033.292138
  -11711.996049    -498.215123  271033.336781
  -11713.314081    -499.892318  271033.380292
  -11714.607835    -501.441203  271033.423149
  -11715.886913    -502.881028  271033.465658
  -11717.127644    -504.194744  271033.507018
  -11718.340921    -505.388100  271033.547601
  -11719.532626    -506.490286  271033.587568
  -11720.682591    -507.484330  271033.626241
  -11721.797540    -508.360356  271033.663869
  -11722.914077    -509.162752  271033.701663
  -11723.931844    -509.877319  271033.736140
  -11724.915902    -510.482916  271033.769604
  -11725.934867    -511.002576  271033.804418
  -11727.064974    -511.477535  271033.843182
  -11728.509256    -511.875106  271033.893039
  -11729.744822    -512.150900  271033.935789
  -11730.672967    -512.353392  271033.967909
  -11731.418995    -512.524381  271033.993715
  -11731.887249    -512.640751  271034.009898
  -11732.048093    -512.683319  271034.015453
  -11732.207619    -512.647684  271034.021081
  -11732.649416    -512.551008  271034.036662
  -11733.306007    -512.410372  271034.059814
  -11734.080839    -512.244233  271034.087136
  -11735.096395    -512.016154  271034.122962
  -11736.382298    -511.676162  271034.168402
  -11737.411216    -511.246422  271034.204999
  -11738.249428    -510.765450  271034.235012
  -11739.057515    -510.195129  271034.264107
  -11739.840914    -509.515531  271034.292505
  -11740.603133    -508.749783  271034.320293
  -11741.437565    -507.909931  271034.350716
  -11742.336627    -506.952712  271034.383575
  -11743.243029    -505.887411  271034.416854
  -11744.156401    -504.731058  271034.450514
  -11745.124491    -503.452614  271034.486271
  -11746.121822    -502.049023  271034.523238
  -11747.135044    -500.535530  271034.560927
  -11748.186148    -498.891064  271034.600137
  -11749.266326    -497.105912  271034.640576
  -11750.367248    -495.194928  271034.681931
  -11751.496841    -493.138739  271034.724506
  -11752.653267    -490.929790  271034.768250
  -11753.828735    -488.580940  271034.812871
  -11755.027224    -486.070227  271034.858542
  -11756.243240    -483.397031  271034.905070
  -11757.475161    -480.566828  271034.952392
  -11758.731984    -477.557264  271035.000855
  -11760.003469    -474.378639  271035.050086
  -11761.286276    -471.023366  271035.099980
  -11762.578139    -467.480370  271035.150474
  -11763.872866    -463.758037  271035.201340
  -11765.172371    -459.837365  271035.252672
  -11766.466480    -455.725651  271035.304105
  -11767.748858    -451.414740  271035.355430
  -11769.023128    -446.899198  271035.406781
  -11770.274621    -442.185724  271035.457636
  -11771.508157    -437.259889  271035.508184
  -11772.714988    -432.132529  271035.558105
  -11773.877917    -426.788237  271035.606820
  -11774.998743    -421.236575  271035.654377
  -11776.066699    -415.465783  271035.700419
  -11777.066586    -409.484051  271035.744402
  -11777.995040    -403.284793  271035.786219
  -11778.849919    -396.874476  271035.825784
  -11779.619261    -390.250335  271035.862685
  -11780.285451    -383.416501  271035.896298
  -11780.850021    -376.371502  271035.926681
  -11781.298816    -369.121546  271035.953330
  -11781.608286    -361.667127  271035.975419
  -11781.781252    -354.016824  271035.993037
  -11781.794697    -346.169638  271036.005379
  -11781.632356    -338.136743  271036.011860
  -11781.296229    -329.918182  271036.012551
  -11780.761455    -321.528952  271036.006559
  -11780.028522    -312.969564  271035.993902
  -11779.091058    -304.256918  271035.974332
  -11777.930975    -295.393630  271035.947211
  -11776.546970    -286.393702  271035.912474
  -11774.936282    -277.269103  271035.870006
  -11773.118740    -268.029280  271035.820485
  -11771.104955    -258.693005  271035.764254
  -11768.948329    -249.268950  271035.703166
  -11766.694960    -239.779160  271035.638797
  -11764.359097    -230.236470  271035.571626
  -11761.977458    -220.656710  271035.502911
  -11759.569601    -211.061850  271035.433304
  -11757.195860    -201.464221  271035.364893
  -11754.878752    -191.887861  271035.298428
  -11752.654910    -182.352607  271035.235159
  -11750.546558    -172.872971  271035.175841
  -11748.582147    -163.476628  271035.121426
  -11746.779841    -154.180509  271035.072523
  -11745.146281    -145.001795  271035.029338
  -11743.694856    -135.969840  271034.992294
  -11742.423242    -127.099628  271034.961287
  -11741.329035    -118.409649  271034.936206
  -11740.435115    -109.930463  271034.917803
  -11739.730134    -101.677361  271034.905659
  -11739.202148     -93.670128  271034.899327
  -11738.838079     -85.934539  271034.898311
  -11738.638628     -78.484641  271034.902614
  -11738.580410     -71.336464  271034.911395
  -11738.656706     -64.522938  271034.924368
  -11738.847245     -58.055148  271034.940811
  -11739.149253     -51.945563  271034.960605
  -11739.534159     -46.218619  271034.982717
  -11739.981093     -40.889902  271035.006394
  -11740.436842     -35.965276  271035.029767
  -11740.871931     -31.464647  271035.051776
  -11741.280410     -27.408434  271035.072184
  -11741.659286     -23.796070  271035.090886
  -11742.003349     -20.636964  271035.107686
  -11742.304463     -17.960004  271035.122256
  -11742.558721     -15.760596  271035.134467
  -11742.765085     -14.017169  271035.144314
  -11742.915108     -12.773138  271035.151438
  -11742.998451     -12.089916  271035.155383
  -11743.033140     -11.805030  271035.157026
