  -10075.786380    3688.649223  184315.675335
  -10069.208248    3640.828498  184315.832964
  -10062.636666    3592.951860  184315.991281
  -10056.170298    3545.144276  184316.152759
  -10049.766363    3497.287348  184316.316850
  -10043.474192    3449.443561  184316.484789
  -10037.182021    3401.599773  184316.652729
  -10030.883300    3353.811899  184316.819981
  -10024.584579    3306.024025  184316.987232
  -10018.229976    3258.229581  184317.152559
  -10011.757058    3210.477910  184317.313348
  -10005.221708    3162.775582  184317.471524
   -9998.623926    3115.122598  184317.627088
   -9991.970261    3067.463044  184317.780727
   -9985.260715    3019.796920  184317.932441
   -9978.544618    2972.186709  184318.083467
   -9971.828521    2924.576498  184318.234493
   -9965.049993    2877.015630  184318.382906
   -9958.215582    2829.448193  184318.529394
   -9951.437053    2781.887325  184318.677807
   -9944.540209    2734.369231  184318.821682
   -9937.699248    2686.857707  184318.967482
   -9930.858287    2639.346182  184319.113282
   -9923.954894    2591.884001  184319.256469
   -9917.107382    2544.428391  184319.401581
   -9910.315753    2496.979350  184319.548617
   -9903.468242    2449.523739  184319.693728
   -9896.676613    2402.074699  184319.840764
   -9889.878434    2354.681571  184319.987112
   -9883.086805    2307.232531  184320.134148
   -9876.344508    2259.845973  184320.282420
   -9869.602212    2212.459416  184320.430692
   -9862.922347    2165.023516  184320.581577
   -9856.235932    2117.643529  184320.731774
   -9849.605400    2070.270112  184320.883895
   -9843.030750    2022.903265  184321.037941
   -9836.518532    1975.487075  184321.194600
   -9830.055646    1928.133368  184321.352495
   -9823.648642    1880.786231  184321.512314
   -9817.304071    1833.389751  184321.674746
   -9811.015382    1785.999841  184321.839103
   -9804.720142    1738.665845  184322.002772
   -9798.599100    1691.295645  184322.172902
   -9792.484607    1643.869532  184322.343721
   -9786.475329    1596.512473  184322.517700
   -9780.528483    1549.106070  184322.694293
   -9774.630969    1501.762150  184322.872121
   -9768.858320    1454.319544  184323.055176
   -9763.190885    1406.945992  184323.241391
   -9757.585882    1359.523096  184323.430219
   -9752.036762    1312.106770  184323.620972
   -9746.655288    1264.710155  184323.817498
   -9741.336246    1217.264196  184324.016637
   -9736.128969    1169.831378  184324.219626
   -9731.095888    1122.362356  184324.429076
   -9726.118690    1074.899904  184324.640451
   -9721.309138    1027.457163  184324.857599
   -9716.562018     979.965078  184325.077361
   -9712.044978     932.443360  184325.305509
   -9707.583819     884.928212  184325.535581
   -9703.352739     837.383431  184325.774041
   -9699.233424     789.851790  184326.016349
   -9695.324537     742.458257  184326.264978
   -9691.520865     695.133777  184326.516768
   -9687.996604     647.842147  184326.778181
   -9684.597207     600.451831  184327.044820
   -9681.477221     553.094365  184327.321081
   -9678.587314     505.707266  184327.605729
   -9675.871604     458.283964  184327.896839
   -9673.497737     410.844169  184328.200185
   -9671.347399     363.430655  184328.511228
   -9669.433690     315.931593  184328.831347
   -9667.861823     268.416039  184329.163701
   -9666.569368     220.933336  184329.505679
   -9665.569424     173.371655  184329.858655
   -9664.904773     125.849396  184330.223179
   -9664.588516      78.254730  184330.600627
   -9664.607552      30.699484  184330.989622
   -9665.030863     -16.921598  184331.393466
   -9665.845349     -64.496689  184331.810781
   -9667.057561    -112.081703  184332.242257
   -9668.667499    -159.676640  184332.687892
   -9670.731044    -207.274930  184333.149613
   -9673.304079    -254.870002  184333.629343
   -9676.330721    -302.468427  184334.125157
   -9679.804421    -350.014292  184334.636368
   -9683.843494    -397.550369  184335.167512
   -9688.441388    -445.020745  184335.717902
   -9693.660536    -492.474763  184336.290150
   -9699.438506    -539.863081  184336.881644
   -9705.942945    -587.165988  184337.498156
   -9713.062089    -634.396624  184338.135838
   -9720.907700    -681.541848  184338.798540
   -9729.535663    -728.595092  184339.488184
   -9738.883544    -775.507011  184340.202160
   -9749.063108    -822.264465  184340.944314
   -9760.179569    -868.798401  184341.717809
   -9772.127713    -915.177872  184342.519484
   -9785.117969    -961.264771  184343.355659
   -9799.094455   -1007.065669  184344.224411
   -9814.119602   -1052.629908  184345.128352
   -9830.173760   -1097.789748  184346.065417
   -9847.424577   -1142.525479  184347.041379
   -9865.816169   -1186.843671  184348.054314
   -9885.335438   -1230.632497  184349.102846
   -9906.100696   -1273.934730  184350.191511
   -9928.042963   -1316.645114  184351.317009
   -9951.260902   -1358.638682  184352.481811
   -9975.866278   -1399.902293  184353.689766
  -10001.790108   -1440.330691  184354.937573
  -10029.081724   -1479.861391  184356.226469
  -10057.728027   -1518.382568  184357.555076
  -10087.834231   -1555.825168  184358.926555
  -10119.387235   -1592.077363  184360.339529
  -10152.311508   -1626.977983  184361.790008
  -10186.712263   -1660.457975  184363.281153
  -10222.471187   -1692.474566  184364.808426
  -10259.673843   -1722.790962  184366.372923
  -10298.201918   -1751.364389  184367.970107
  -10338.085092   -1777.964623  184369.599147
  -10379.303716   -1802.423925  184371.257978
  -10421.732925   -1824.643607  184372.941376
  -10465.359620   -1844.511842  184374.647962
  -10510.108267   -1861.867461  184376.373747
  -10555.919917   -1876.207242  184378.112535
  -10602.676669   -1886.524744  184379.851934
  -10650.161543   -1892.902160  184381.584935
  -10698.282013   -1896.484039  184383.317608
  -10746.656520   -1897.882077  184385.041441
  -10794.888167   -1895.159013  184386.726565
  -10842.576574   -1886.831465  184388.346694
  -10889.362901   -1874.188659  184389.899654
  -10934.631618   -1859.230203  184391.379982
  -10978.399719   -1840.650379  184392.777619
  -11021.459588   -1817.959240  184394.116614
  -11062.522453   -1791.761776  184395.356285
  -11101.581349   -1762.965743  184396.503797
  -11138.800441   -1732.005308  184397.568509
  -11174.248712   -1698.985727  184398.553720
  -11207.814398   -1663.920141  184399.455583
  -11239.467815   -1627.038774  184400.274926
  -11269.297598   -1588.614623  184401.017115
  -11297.323395   -1548.815427  184401.684217
  -11323.620739   -1507.802359  184402.280221
  -11348.321045   -1465.730016  184402.811042
  -11371.325649   -1422.723367  184403.274207
  -11392.696982   -1378.831755  184403.672329
  -11412.504027   -1334.160437  184404.008710
  -11430.759885   -1288.821240  184404.284726
  -11447.533536   -1242.919419  184404.503679
  -11462.887415   -1196.504320  184404.668182
  -11476.939834   -1149.618715  184404.782773
  -11489.648013   -1102.381000  184404.846904
  -11501.179597   -1054.771466  184404.866347
  -11511.491804   -1006.908510  184404.840557
  -11520.591185    -958.848045  184404.770221
  -11528.582954    -910.521018  184404.658499
  -11535.473661    -861.983342  184404.506081
  -11541.220524    -813.353413  184404.312418
  -11545.984639    -764.555609  184404.082596
  -11549.779106    -715.701756  184403.817992
  -11552.548044    -666.798424  184403.516681
  -11554.396667    -617.776560  184403.181823
  -11555.344624    -568.803903  184402.815485
  -11555.322934    -519.775198  184402.414364
  -11554.449910    -470.733217  184401.982998
  -11552.669671    -421.684531  184401.519463
  -11550.107082    -372.727825  184401.028984
  -11546.643827    -323.820328  184400.507025
  -11542.391672    -274.948899  184399.957433
  -11537.294733    -226.120107  184399.378285
  -11531.477876    -177.432640  184398.774807
  -11524.872118    -128.781240  184398.143697
  -11517.490559     -80.277736  184397.486331
  -11509.444964     -31.908985  184396.806560
  -11500.617018      16.367784  184396.099845
  -11491.125036      64.509798  184395.370724
  -11480.969018     112.517059  184394.619197
  -11470.093081     160.382994  184393.843340
  -11458.615540     208.064832  184393.047690
  -11446.473962     255.611915  184392.229633
  -11433.668348     303.024244  184391.389171
  -11420.323563     350.203132  184390.531529
  -11406.314741     397.247265  184389.651481
  -11391.704315     444.107301  184388.751640
  -11376.554717     490.733895  184387.834618
  -11360.796965     537.232305  184386.897116
  -11344.500041     583.497274  184385.942433
  -11327.663945     629.528801  184384.970570
  -11310.331460     675.445284  184383.982075
  -11292.410470     721.065843  184382.975164
  -11274.055523     766.522014  184381.954233
  -11255.210737     811.807228  184380.917359
  -11235.938543     856.872140  184379.867153
  -11216.232391     901.772665  184378.802929
  -11196.148164     946.515372  184377.726609
  -11175.692412     991.044349  184376.638883
  -11154.858585    1035.415508  184375.539062
  -11133.709114    1079.579506  184374.429759
  -11112.230901    1123.648170  184373.309597
  -11090.437044    1167.509673  184372.179954
  -11068.376877    1211.226499  184371.042064
  -11046.050398    1254.798648  184369.895929
  -11023.457609    1298.226120  184368.741548
  -11000.591959    1341.564827  184367.578233
  -10977.578312    1384.716084  184366.411210
  -10954.397018    1427.847631  184365.238413
  -10931.005296    1470.841070  184364.059294
  -10907.514910    1513.709543  184362.877704
  -10883.912759    1556.564875  184361.692264
  -10860.185744    1599.518894  184360.501599
  -10836.402847    1642.466343  184359.309009
  -10812.564067    1685.407222  184358.114494
  -10788.731838    1728.292187  184356.920668
  -10764.955490    1771.183723  184355.728766
  -10741.179143    1814.075258  184354.536865
  -10717.508010    1857.035847  184353.348124
  -10693.948641    1900.009577  184352.163232
  -10670.550369    1943.058930  184350.983425
  -10647.313194    1986.183906  184349.808704
  -10624.237115    2029.384507  184348.639067
  -10601.483229    2072.736354  184347.479601
  -10578.995654    2116.232879  184346.328381
  -10556.836822    2159.824738  184345.188019
  -10534.993633    2203.623758  184344.057140
  -10513.528520    2247.580596  184342.938355
  -10492.441482    2291.695250  184341.831665
  -10471.844283    2335.980863  184340.740919
  -10451.667942    2380.542690  184339.662816
  -10432.037323    2425.282044  184338.602580
  -10412.952425    2470.198927  184337.560214
  -10394.456032    2515.411734  184336.536264
  -10376.610575    2560.871122  184335.533342
  -10359.366722    2606.514608  184334.550214
  -10342.773805    2652.404676  184333.588115
  -10326.775942    2698.534755  184332.645120
  -10311.547330    2744.868642  184331.727692
  -10297.032087    2791.399766  184330.833906
  -10283.223662    2838.184043  184329.963073
  -10270.240369    2885.178697  184329.119732
  -10258.138092    2932.390300  184328.305806
  -10246.910280    2979.874764  184327.520608
  -10236.625915    3027.526834  184326.767438
  -10227.284998    3075.346508  184326.046297
  -10218.979642    3123.514667  184325.358968
  -10211.617733    3171.850432  184324.703668
  -10205.324137    3220.255114  184324.085623
  -10200.098852    3268.728715  184323.504832
  -10195.885997    3317.264664  184322.959371
  -10192.741453    3365.869531  184322.451165
  -10190.671772    3414.487403  184321.980901
  -10189.851149    3463.082076  184321.555043
  -10190.565545    3511.630488  184321.183901
  -10193.045040    3560.103005  184320.875862
  -10197.302734    3608.387801  184320.632302
  -10203.282743    3656.478306  184320.451297
  -10210.350715    3704.469988  184320.309612
