  -10008.785206    3596.385090  189002.019305
  -10008.537446    3593.358020  189002.030909
  -10007.615392    3586.135855  189002.046931
  -10005.172417    3572.819893  189002.050287
  -10002.663557    3554.305397  189002.086246
   -9999.489687    3530.938920  189002.131362
   -9995.616737    3502.458372  189002.186197
   -9991.040394    3468.852555  189002.250673
   -9985.806838    3430.481775  189002.323998
   -9979.912272    3387.329491  189002.406148
   -9973.349815    3339.411213  189002.496777
   -9966.169758    3287.044512  189002.595523
   -9958.366136    3230.347429  189002.701385
   -9949.861122    3169.344803  189002.811451
   -9940.595969    3104.311330  189002.921807
   -9930.637605    3035.447570  189003.033462
   -9920.004508    2962.841572  189003.146478
   -9908.758268    2886.693382  189003.261681
   -9896.917141    2807.317477  189003.377601
   -9884.496520    2724.833959  189003.493975
   -9871.609331    2639.469396  189003.613260
   -9858.262950    2551.483297  189003.733972
   -9844.626061    2461.026736  189003.861043
   -9830.691563    2368.341652  189003.992596
   -9816.522993    2273.719935  189004.128909
   -9802.228763    2177.323016  189004.272720
   -9787.873748    2079.372822  189004.424823
   -9773.576417    1980.150371  189004.587507
   -9759.477731    1879.814841  189004.764669
   -9745.536499    1778.626450  189004.953111
   -9731.926432    1676.796064  189005.157536
   -9718.692390    1574.473585  189005.378521
   -9705.860021    1471.952641  189005.614995
   -9693.560636    1369.380695  189005.870597
   -9681.803463    1266.941956  189006.144414
   -9670.695063    1164.873157  189006.438610
   -9660.333483    1063.275420  189006.755964
   -9650.668396     962.391905  189007.093066
   -9641.791483     862.333901  189007.452401
   -9633.900379     763.287624  189007.839684
   -9626.974847     665.407481  189008.253163
   -9621.193534     568.796979  189008.698440
   -9616.511250     473.645857  189009.172647
   -9612.992779     380.008892  189009.677699
   -9610.633387     288.047379  189010.212347
   -9609.598786     197.831226  189010.781960
   -9609.781058     109.474026  189011.381972
   -9611.264287      23.053987  189012.014822
   -9614.058327     -61.363241  189012.680415
   -9618.115529    -143.674422  189013.376379
   -9623.467928    -223.876466  189014.103822
   -9630.238211    -301.844306  189014.866228
   -9638.258612    -377.626484  189015.658009
   -9647.645451    -451.087765  189016.482358
   -9658.328607    -522.283442  189017.337174
   -9670.245955    -591.127852  189018.219692
   -9683.371112    -657.682850  189019.129398
   -9697.700684    -721.857106  189020.065559
   -9713.218967    -783.711443  189021.028029
   -9729.820409    -843.212915  189022.012868
   -9747.484167    -900.368925  189023.019391
   -9766.128928    -955.230456  189024.045073
   -9785.644315   -1007.770417  189025.085844
   -9805.950353   -1058.109753  189026.139697
   -9826.967874   -1106.153663  189027.203205
   -9848.617728   -1152.087711  189028.274825
   -9870.806988   -1195.786074  189029.350436
   -9893.436892   -1237.398467  189030.427563
   -9916.502612   -1276.930748  189031.506077
   -9939.846751   -1314.371150  189032.580349
   -9963.433383   -1349.906457  189033.650370
   -9987.171122   -1383.426871  189034.712180
  -10011.018706   -1415.119693  189035.765583
  -10034.896563   -1444.997994  189036.807864
  -10058.642155   -1472.996585  189037.832855
  -10082.413104   -1499.353662  189038.847712
  -10106.050669   -1523.987497  189039.846291
  -10129.452180   -1546.951131  189040.825330
  -10152.749791   -1568.442085  189041.790813
  -10175.678185   -1588.334999  189042.732548
  -10198.312732   -1606.741215  189043.653939
  -10220.733938   -1623.825497  189044.558930
  -10242.733675   -1639.440791  189045.439198
  -10264.362157   -1653.717041  189046.297386
  -10285.825773   -1666.839211  189047.142009
  -10306.792567   -1678.661415  189047.960390
  -10327.166749   -1689.252207  189048.749612
  -10347.528033   -1698.868352  189049.531831
  -10367.240141   -1707.393336  189050.283840
  -10386.175341   -1714.731652  189051.000496
  -10405.285957   -1721.260463  189051.717895
  -10423.817538   -1726.923185  189052.409069
  -10441.608153   -1731.492820  189053.066784
  -10459.026926   -1735.165586  189053.705369
  -10475.858170   -1738.388239  189054.320223
  -10493.446673   -1740.632007  189054.955190
  -10509.275889   -1741.783921  189055.520817
  -10527.220436   -1742.014584  189056.154808
  -10549.936501   -1741.488186  189056.951882
  -10565.763460   -1741.103693  189057.507108
  -10571.089152   -1741.010239  189057.694180
  -10576.291991   -1740.087541  189057.871351
  -10591.457996   -1737.480773  189058.388353
  -10613.007679   -1733.734898  189059.122689
  -10630.358826   -1730.092309  189059.709746
  -10644.864848   -1726.001831  189060.193519
  -10660.867867   -1720.499830  189060.720571
  -10675.545930   -1714.219906  189061.195699
  -10690.592147   -1707.397634  189061.680158
  -10706.417694   -1699.545821  189062.185168
  -10722.644309   -1690.485307  189062.696194
  -10739.071385   -1680.483471  189063.207960
  -10755.388856   -1669.678072  189063.710466
  -10772.129154   -1657.554040  189064.219015
  -10789.308407   -1644.223042  189064.734926
  -10806.458232   -1629.913601  189065.243226
  -10823.946176   -1614.245178  189065.754314
  -10841.839077   -1597.184362  189066.270320
  -10859.725741   -1578.937982  189066.778141
  -10877.904417   -1559.245410  189067.286538
  -10896.311955   -1538.010301  189067.792639
  -10914.814275   -1515.407343  189068.292891
  -10933.492783   -1491.218407  189068.788698
  -10952.339772   -1465.363360  189069.279250
  -10971.139022   -1438.003254  189069.758008
  -10989.953353   -1408.894792  189070.225552
  -11008.712845   -1378.039333  189070.679427
  -11027.337724   -1345.503882  189071.117272
  -11045.831569   -1311.045470  189071.537579
  -11064.034318   -1274.792770  189071.935573
  -11081.943605   -1236.665135  189072.310629
  -11099.446687   -1196.554830  189072.658048
  -11116.429500   -1154.564522  189072.974501
  -11132.883200   -1110.490182  189073.258305
  -11148.612611   -1064.431521  189073.503251
  -11163.561463   -1016.307703  189073.706813
  -11177.665375    -966.065635  189073.866366
  -11190.755352    -913.797110  189073.976569
  -11202.763106    -859.352360  189074.034010
  -11213.614514    -802.857156  189074.036922
  -11223.166029    -744.163602  189073.979251
  -11231.283258    -683.387111  189073.857037
  -11237.938369    -620.406360  189073.668483
  -11243.001280    -555.325563  189073.409705
  -11246.379889    -488.083517  189073.077045
  -11248.006128    -418.756884  189072.668621
  -11247.738614    -347.332349  189072.179359
  -11245.491208    -273.866753  189071.606605
  -11241.257029    -198.344585  189070.950012
  -11234.775805    -120.861055  189070.201048
  -11226.080597     -41.423756  189069.360928
  -11215.003952      39.859492  189068.424475
  -11201.550694     122.994545  189067.391820
  -11185.540435     207.839987  189066.257555
  -11166.925124     294.391178  189065.020017
  -11145.592549     382.470148  189063.676448
  -11121.569920     472.074131  189062.227824
  -11094.735889     563.008099  189060.671181
  -11065.098876     655.240514  189059.007025
  -11032.705300     748.624889  189057.237977
  -10997.546135     843.030954  189055.364595
  -10959.657322     938.365127  189053.388773
  -10919.212700    1034.444695  189051.317866
  -10876.406841    1131.207562  189049.159149
  -10831.501575    1228.452547  189046.923201
  -10784.717969    1326.066196  189044.618575
  -10736.509231    1423.930500  189042.262038
  -10687.297879    1521.854395  189039.869764
  -10637.516995    1619.761064  189037.457534
  -10587.783355    1717.456626  189035.048386
  -10538.629025    1814.787550  189032.662106
  -10490.527545    1911.648573  189030.316089
  -10444.077929    2007.806357  189028.033015
  -10399.734929    2103.126868  189025.829813
  -10357.884404    2197.464030  189023.721061
  -10318.775049    2290.529129  189021.717466
  -10282.603801    2382.179422  189019.826927
  -10249.768739    2472.253838  189018.064556
  -10220.487550    2560.449888  189016.440058
  -10194.471836    2646.572594  189014.944577
  -10171.651383    2730.399513  189013.577134
  -10151.967480    2811.644613  189012.337581
  -10135.290358    2890.144402  189011.222443
  -10121.540867    2965.713317  189010.230177
  -10110.635455    3037.987443  189009.360283
  -10102.463139    3106.832060  189008.609754
  -10096.433455    3172.055389  189007.959069
  -10092.470647    3233.380535  189007.407417
  -10090.297509    3290.608210  189006.946368
  -10089.819790    3343.653835  189006.573168
  -10090.455247    3392.240156  189006.269158
  -10091.931294    3436.119808  189006.026395
  -10093.980469    3475.272366  189005.835587
  -10096.356258    3509.571599  189005.688896
  -10098.800152    3538.679839  189005.579478
  -10101.109983    3562.626099  189005.500014
  -10103.135525    3581.627722  189005.443749
  -10104.686555    3595.197274  189005.407253
  -10105.575326    3602.653460  189005.388486
  -10105.955222    3605.763375  189005.380982
