   -9734.204697    2918.774062  212423.271721
   -9727.770570    2884.706284  212423.117135
   -9721.335221    2850.680039  212422.962421
   -9714.942600    2816.613486  212422.809283
   -9708.548758    2782.588466  212422.656017
   -9702.154915    2748.563445  212422.502751
   -9695.802579    2714.539650  212422.350932
   -9689.449022    2680.557387  212422.198986
   -9683.053958    2646.573898  212422.045591
   -9676.617387    2612.589184  212421.890749
   -9670.138088    2578.644777  212421.734329
   -9663.574555    2544.739451  212421.574885
   -9657.011021    2510.834125  212421.415441
   -9650.405980    2476.927574  212421.254549
   -9643.758212    2443.061329  212421.092080
   -9637.110443    2409.195084  212420.929611
   -9630.419946    2375.369146  212420.765565
   -9623.687943    2341.541982  212420.600072
   -9616.954717    2307.756350  212420.434450
   -9610.179986    2273.969493  212420.267380
   -9603.405254    2240.182636  212420.100309
   -9596.630522    2206.395779  212419.933239
   -9589.854569    2172.650454  212419.766041
   -9583.037109    2138.903904  212419.597394
   -9576.219648    2105.157353  212419.428747
   -9569.402188    2071.410803  212419.260100
   -9562.583507    2037.705784  212419.091325
   -9555.806332    2004.001991  212418.923998
   -9548.987650    1970.296972  212418.755223
   -9542.210475    1936.593179  212418.587896
   -9535.391794    1902.888160  212418.419121
   -9528.654904    1869.227124  212418.253114
   -9521.877729    1835.523331  212418.085787
   -9515.142061    1801.820763  212417.919908
   -9508.446678    1768.160952  212417.755349
   -9501.751295    1734.501141  212417.590790
   -9495.098640    1700.801023  212417.427808
   -9488.486270    1667.143663  212417.266145
   -9481.875122    1633.444771  212417.104611
   -9475.346987    1599.748329  212416.945973
   -9468.859137    1566.094645  212416.788655
   -9462.414015    1532.400654  212416.632913
   -9455.968894    1498.706663  212416.477172
   -9449.648292    1465.016348  212416.325775
   -9443.328912    1431.284501  212416.174506
   -9437.091324    1397.596636  212416.026005
   -9430.896464    1363.868465  212415.879081
   -9424.784618    1330.142744  212415.735054
   -9418.714278    1296.418249  212415.592474
   -9412.769679    1262.655898  212415.454367
   -9406.823859    1228.935079  212415.316132
   -9401.003781    1195.176403  212415.182370
   -9395.267938    1161.378647  212415.051633
   -9389.615108    1127.583341  212414.923792
   -9384.045291    1093.790485  212414.798848
   -9378.558487    1060.000081  212414.676799
   -9373.155919    1026.170594  212414.557776
   -9367.877870     992.344784  212414.443097
   -9362.684057     958.479893  212414.331443
   -9357.614763     924.618677  212414.224133
   -9352.671211     890.719606  212414.121297
   -9347.810673     856.822985  212414.021356
   -9343.074654     822.930040  212413.925760
   -9338.464377     788.999238  212413.834638
   -9334.021348     755.031807  212413.749436
   -9329.661333     721.066826  212413.667131
   -9325.508851     687.107971  212413.592066
   -9321.483332     653.069728  212413.521603
   -9317.664125     619.079144  212413.458252
   -9313.971881     585.009172  212413.399503
   -9310.445663     550.944101  212413.346546
   -9307.126980     516.885157  212413.300831
   -9303.976765     482.748050  212413.261164
   -9301.032863     448.658601  212413.228611
   -9298.298937     414.492215  212413.203555
   -9295.772545     380.331956  212413.185740
   -9293.453686     346.177823  212413.175166
   -9291.386310     311.947978  212413.173537
   -9289.525246     277.765791  212413.179021
   -9287.957171     243.509118  212413.194900
   -9286.596630     209.258571  212413.218019
   -9285.526636     175.016602  212413.251275
   -9284.748410     140.741677  212413.294797
   -9284.260731     106.475330  212413.348457
   -9284.106326      72.177253  212413.413830
   -9284.242469      37.887753  212413.489340
   -9284.670379       3.565298  212413.575116
   -9285.512135     -30.703372  212413.675246
   -9286.687166     -65.003772  212413.787089
   -9288.235757     -99.293144  212413.911966
   -9290.198193    -133.528731  212414.051196
   -9292.535411    -167.794822  212414.203589
   -9295.327980    -202.005903  212414.371783
   -9298.534395    -236.163200  212414.554330
   -9302.238889    -270.305793  212414.754256
   -9306.358451    -304.436133  212414.968663
   -9310.973649    -338.468706  212415.200192
   -9316.044200    -372.446269  212415.447522
   -9321.693400    -406.323614  212415.714870
   -9327.880966    -440.143499  212416.000916
   -9334.645961    -473.821634  212416.306852
   -9342.031112    -507.398326  212416.634253
   -9349.993693    -540.833268  212416.981544
   -9358.575208    -574.125236  212417.350172
   -9367.775660    -607.274228  212417.740138
   -9377.675616    -640.194732  212418.154081
   -9388.276301    -672.928278  212418.592129
   -9399.534984    -705.434560  212419.052706
   -9411.534679    -737.711128  212419.538709
   -9424.272944    -769.674917  212420.049880
   -9437.749778    -801.325929  212420.586220
   -9452.006688    -832.662937  212421.149176
   -9467.124244    -863.600427  212421.741389
   -9483.019432    -894.140851  212422.359961
   -9499.857059    -924.237774  212423.010558
   -9517.551667    -953.810584  212423.690026
   -9536.226556    -982.814073  212424.402581
   -9555.879281   -1011.165177  212425.147967
   -9576.631919   -1038.777157  212425.930271
   -9598.523536   -1065.565725  212426.750684
   -9621.841011   -1091.397706  212427.618959
   -9646.331641   -1116.155858  212428.526022
   -9670.907701   -1139.581315  212429.433321
   -9696.891298   -1161.427209  212430.386555
   -9724.355671   -1181.358834  212431.387595
   -9753.333778   -1199.084243  212432.436989
   -9783.852464   -1214.103827  212433.534646
   -9816.126569   -1225.247344  212434.685658
   -9849.765428   -1231.944375  212435.875196
   -9884.211133   -1233.587872  212437.082506
   -9918.386927   -1228.879447  212438.267277
   -9951.101306   -1216.856646  212439.385877
   -9982.414125   -1199.554527  212440.444597
  -10011.511158   -1178.950820  212441.419061
  -10038.206859   -1155.799222  212442.304338
  -10063.317952   -1131.031687  212443.130896
  -10086.934778   -1104.894954  212443.902403
  -10109.272200   -1077.632089  212444.626870
  -10130.421782   -1049.531363  212445.308091
  -10150.553217   -1020.712471  212445.952245
  -10169.725112    -991.755633  212446.562577
  -10187.970422    -962.368901  212447.139637
  -10205.325770    -932.384923  212447.684360
  -10221.876610    -901.884312  212448.199898
  -10237.582659    -870.909824  212448.684931
  -10252.529371    -839.542073  212449.142614
  -10266.674020    -807.740752  212449.571368
  -10280.103283    -775.628007  212449.974477
  -10292.775653    -743.205062  212450.350491
  -10304.732637    -710.470692  212450.700859
  -10315.932729    -677.426123  212451.024132
  -10326.461385    -644.151967  212451.323465
  -10336.236813    -610.692208  212451.596088
  -10345.339583    -576.961330  212451.844641
  -10353.772139    -543.042398  212452.069382
  -10361.535701    -508.976943  212452.270438
  -10368.671778    -474.763739  212452.449258
  -10375.097354    -440.405239  212452.602945
  -10380.936951    -405.897765  212452.735844
  -10386.109999    -371.326833  212452.845316
  -10390.697066    -336.606926  212452.933999
  -10394.659090    -301.822336  212453.000703
  -10398.079085    -266.970611  212453.048324
  -10400.916764    -232.094508  212453.075542
  -10403.169686    -197.110963  212453.082100
  -10404.924527    -162.142122  212453.071280
  -10406.095832    -127.107372  212453.039929
  -10406.769056     -92.087325  212452.991200
  -10406.942979     -57.040449  212452.924964
  -10406.576094     -21.967971  212452.839773
  -10405.712350      13.048272  212452.737332
  -10404.349305      48.091344  212452.617385
  -10402.529686      83.120937  212452.481508
  -10400.213208     118.094295  212452.328381
  -10397.398651     153.052950  212452.157876
  -10394.170248     187.957819  212451.973018
  -10390.443766     222.847986  212451.770781
  -10386.304659     257.642835  212451.554320
  -10381.708979     292.424207  212451.321928
  -10376.659169     327.109036  212451.073863
  -10371.195514     361.740081  212450.811445
  -10365.276507     396.316116  212450.533225
  -10358.986383     430.798059  212450.242229
  -10352.282414     465.226218  212449.936879
  -10345.125536     499.516303  212449.615984
  -10337.637826     533.755054  212449.283632
  -10329.777778     567.941245  212448.938375
  -10321.506327     601.990588  212448.579021
  -10312.905267     635.947065  212448.208338
  -10303.931868     669.850982  212447.824751
  -10294.630080     703.620502  212447.429963
  -10284.957175     737.295930  212447.022398
  -10274.996166     770.879718  212446.604952
  -10264.705548     804.370639  212446.176178
  -10254.128047     837.728388  212445.737652
  -10243.261221     871.036028  212445.289117
  -10232.107513     904.210496  212444.830830
  -10220.707208     937.294548  212444.364111
  -10209.060306     970.288185  212443.888959
  -10197.207093    1003.234163  212443.406695
  -10185.150010    1036.049419  212442.917575
  -10172.928123    1068.818243  212442.422791
  -10160.501145    1101.497876  212441.921023
  -10147.950869    1134.132302  212441.415038
  -10135.235788    1166.720294  212440.903389
  -10122.438914    1199.264304  212440.388973
  -10109.518743    1231.763107  212439.870340
  -10096.516779    1264.217927  212439.348939
  -10083.473309    1296.671521  212438.826090
  -10070.389554    1329.082359  212438.301921
  -10057.346084    1361.535953  212437.779072
  -10044.261107    1393.988323  212437.254775
  -10031.217637    1426.441918  212436.731925
  -10018.255959    1458.939495  212436.211844
  -10005.334566    1491.479829  212435.693083
   -9992.537693    1524.023839  212435.178666
   -9979.862897    1556.654589  212434.668337
   -9967.351684    1589.373303  212434.163544
   -9955.006498    1622.096919  212433.664544
   -9942.865181    1654.951257  212433.172399
   -9930.971682    1687.854478  212432.688815
   -9919.283273    1720.846889  212432.212215
   -9907.882969    1753.930941  212431.745496
   -9896.729261    1787.105409  212431.287209
   -9885.905163    1820.372742  212430.840251
   -9875.410675    1853.732942  212430.404621
   -9865.203070    1887.226314  212429.978743
   -9855.409310    1920.773471  212429.567219
   -9845.985445    1954.456251  212429.168343
   -9836.974204    1988.234347  212428.783693
   -9828.458600    2022.110211  212428.416163
   -9820.478918    2056.126599  212428.067075
   -9812.911859    2090.238304  212427.732212
   -9805.883166    2124.407469  212427.416047
   -9799.307381    2158.714708  212427.115426
   -9793.188170    2193.035426  212426.830736
   -9787.563375    2227.495442  212426.563039
   -9782.436659    2261.970162  212426.312719
   -9777.722567    2296.540198  212426.076625
   -9773.548062    2331.126163  212425.859357
   -9769.870415    2365.768364  212425.659339
   -9766.689627    2400.466799  212425.476571
   -9764.088710    2435.223921  212425.313949
   -9762.027381    2469.996972  212425.170153
   -9760.588651    2504.788402  212425.048080
   -9759.773744    2539.556679  212424.947858
   -9759.497201    2574.382417  212424.866334
   -9759.845702    2609.143471  212424.806789
   -9760.775296    2643.921679  212424.767519
   -9762.246919    2678.632751  212424.747332
   -9764.258130    2713.359753  212424.745972
   -9766.812592    2747.978088  212424.763823
   -9769.949369    2782.572045  212424.802077
   -9773.586669    2817.097642  212424.857966
   -9777.682986    2851.553654  212424.930041
   -9782.154085    2885.979161  212425.015279
   -9786.710639    2920.324055  212425.103670
