     3.970      5.200     15.595     -0.006     -0.023      0.480
     6.310      5.209     15.588      0.032      0.049      0.462
     8.650      5.237     15.418      0.065      0.085      0.444
    10.990      5.290     14.976      0.084      0.055      0.426
    13.330      5.361     14.314      0.096     -0.022      0.408
    15.670      5.444     13.483      0.104     -0.125      0.392
    18.010      5.529     12.539      0.115     -0.230      0.377
    20.350      5.610     11.538      0.132     -0.308      0.362
    22.690      5.681     10.535      0.156     -0.342      0.349
    25.030      5.734      9.578      0.174     -0.376      0.339
    27.370      5.760      8.722      0.184     -0.409      0.331
    29.710      5.758      7.991      0.189     -0.431      0.324
    32.050      5.716      7.345      0.195     -0.423      0.319
    34.390      5.630      6.718      0.202     -0.393      0.315
    36.730      5.509      6.107      0.207     -0.361      0.312
    39.070      5.367      5.523      0.210     -0.334      0.309
    41.410      5.217      4.972      0.211     -0.310      0.307
    43.750      5.069      4.467      0.211     -0.290      0.305
    46.090      4.934      4.009      0.209     -0.272      0.303
    48.430      4.813      3.598      0.200     -0.254      0.300
    50.770      4.700      3.224      0.183     -0.236      0.298
    53.110      4.589      2.878      0.153     -0.218      0.295
    55.450      4.478      2.554      0.111     -0.202      0.293
    57.790      4.368      2.250      0.060     -0.187      0.291
    60.130      4.260      1.964      0.002     -0.174      0.290
    62.469      4.155      1.694     -0.060     -0.164      0.289
    64.809      4.052      1.436     -0.126     -0.156      0.288
    67.149      3.953      1.193     -0.200     -0.150      0.288
    69.489      3.857      0.967     -0.285     -0.146      0.288
    71.829      3.764      0.757     -0.385     -0.144      0.289
    74.169      3.672      0.557     -0.497     -0.143      0.290
    76.509      3.582      0.362     -0.618     -0.144      0.291
    78.849      3.493      0.168     -0.746     -0.146      0.293
    81.189      3.403     -0.033     -0.879     -0.149      0.295
    83.529      3.312     -0.248     -1.014     -0.152      0.297
    85.869      3.221     -0.489     -1.152     -0.157      0.300
    88.209      3.131     -0.770     -1.296     -0.161      0.303
    90.549      3.041     -1.083     -1.450     -0.165      0.306
    92.889      2.951     -1.393     -1.610     -0.169      0.309
    95.229      2.860     -1.681     -1.777     -0.173      0.312
    97.569      2.768     -1.925     -1.950     -0.176      0.315
    99.909      2.673     -2.100     -2.127     -0.179      0.318
   102.249      2.576     -2.166     -2.309     -0.182      0.322
   104.589      2.475     -2.173     -2.496     -0.186      0.326
   106.929      2.371     -2.149     -2.691     -0.190      0.331
   109.269      2.265     -2.094     -2.892     -0.193      0.336
   111.609      2.156     -2.009     -3.101     -0.195      0.341
   113.949      2.046     -1.886     -3.315     -0.197      0.347
   116.289      1.933     -1.716     -3.537     -0.199      0.353
   118.629      1.794     -1.503     -3.764     -0.197      0.360
   120.969      0.501     -1.242     -3.999     -0.059      0.368
