     1.500      3.542     13.308      0.000      0.000      0.251
     3.550      3.620     13.308     -0.007     -0.029      0.271
     5.599      3.854     13.308     -0.025     -0.105      0.297
     7.649      4.089     13.308     -0.051     -0.215      0.322
     9.699      4.323     13.308     -0.079     -0.335      0.347
    11.748      4.557     13.308     -0.109     -0.461      0.372
    13.798      4.604     12.395     -0.112     -0.515      0.374
    15.848      4.652     11.481     -0.116     -0.570      0.375
    17.897      4.555     10.822     -0.107     -0.559      0.375
    19.947      4.458     10.163     -0.098     -0.549      0.375
    21.997      4.354      9.587     -0.091     -0.537      0.375
    24.046      4.249      9.012     -0.083     -0.525      0.375
    26.096      4.128      8.404     -0.076     -0.510      0.375
    28.146      4.007      7.796     -0.068     -0.496      0.375
    30.195      3.878      7.171     -0.061     -0.481      0.375
    32.245      3.748      6.546     -0.053     -0.465      0.375
    34.295      3.625      5.954     -0.047     -0.451      0.375
    36.344      3.502      5.363     -0.041     -0.436      0.375
    38.394      3.379      4.776     -0.035     -0.421      0.375
    40.444      3.256      4.190     -0.030     -0.406      0.375
    42.493      3.133      3.658     -0.025     -0.391      0.375
    44.543      3.010      3.127     -0.021     -0.376      0.375
    46.593      2.887      2.723     -0.017     -0.361      0.375
    48.642      2.764      2.321     -0.014     -0.345      0.375
    50.692      2.641      1.924     -0.011     -0.330      0.375
    52.742      2.519      1.528     -0.008     -0.315      0.375
    54.791      2.396      1.130     -0.006     -0.299      0.375
    56.841      2.257      0.741     -0.004     -0.282      0.375
    58.891      2.087      0.372     -0.002     -0.261      0.375
    60.940      1.588      0.173     -0.001     -0.199      0.375
    62.990      1.419      0.106     -0.000     -0.177      0.375
